Transformation mapping blue

Size: 51x51
{
0.0	0.0	0.0	0.0	0.0	0.0	0.0	0.0	0.0	0.0	0.0	0.0	0.0	0.0	0.0	0.0	0.0	2.0	2.0	1.0	1.0	3.0	1.0	2.0	2.0	2.0	0.0	2.0	3.0	2.0	2.0	0.0	2.0	0.0	0.0	0.0	0.0	0.0	0.0	0.0	0.0	0.0	0.0	0.0	0.0	0.0	0.0	0.0	0.0	0.0	0.0	
0.0	0.0	0.0	0.0	0.0	0.0	0.0	0.0	0.0	0.0	0.0	0.0	0.0	0.0	0.0	1.0	3.0	3.0	1.0	1.0	3.0	3.0	3.0	3.0	1.0	3.0	1.0	2.0	3.0	0.0	2.0	1.0	2.0	0.0	0.0	0.0	0.0	0.0	0.0	0.0	0.0	0.0	0.0	0.0	0.0	0.0	0.0	0.0	0.0	0.0	0.0	
0.0	0.0	0.0	0.0	0.0	0.0	0.0	0.0	0.0	0.0	0.0	0.0	0.0	0.0	0.0	2.0	3.0	2.0	1.0	2.0	2.0	1.0	3.0	3.0	3.0	3.0	3.0	3.0	1.0	0.0	2.0	2.0	2.0	0.0	0.0	0.0	0.0	0.0	0.0	0.0	0.0	0.0	0.0	0.0	0.0	0.0	0.0	0.0	0.0	0.0	0.0	
0.0	0.0	0.0	0.0	0.0	0.0	0.0	0.0	0.0	0.0	0.0	0.0	0.0	0.0	0.0	2.0	1.0	3.0	0.0	2.0	3.0	2.0	3.0	3.0	3.0	3.0	3.0	0.0	0.0	0.0	0.0	2.0	2.0	0.0	0.0	0.0	0.0	0.0	0.0	0.0	0.0	0.0	0.0	0.0	0.0	0.0	0.0	0.0	0.0	0.0	0.0	
0.0	0.0	0.0	0.0	0.0	0.0	0.0	0.0	0.0	0.0	0.0	0.0	0.0	0.0	0.0	2.0	3.0	0.0	0.0	2.0	3.0	3.0	3.0	3.0	2.0	3.0	3.0	0.0	1.0	1.0	0.0	3.0	2.0	0.0	0.0	0.0	0.0	0.0	0.0	0.0	0.0	0.0	0.0	0.0	0.0	0.0	0.0	0.0	0.0	0.0	0.0	
0.0	0.0	0.0	0.0	0.0	0.0	0.0	0.0	0.0	0.0	0.0	0.0	0.0	0.0	0.0	0.0	2.0	0.0	0.0	3.0	3.0	3.0	2.0	3.0	3.0	3.0	3.0	2.0	3.0	3.0	0.0	3.0	2.0	0.0	0.0	0.0	0.0	0.0	0.0	0.0	0.0	0.0	0.0	0.0	0.0	0.0	0.0	0.0	0.0	0.0	0.0	
0.0	0.0	0.0	0.0	0.0	0.0	0.0	0.0	0.0	0.0	0.0	0.0	0.0	0.0	0.0	0.0	2.0	0.0	1.0	3.0	3.0	3.0	3.0	3.0	3.0	2.0	3.0	2.0	3.0	3.0	0.0	3.0	2.0	0.0	0.0	0.0	0.0	0.0	0.0	0.0	0.0	0.0	0.0	0.0	0.0	0.0	0.0	0.0	0.0	0.0	0.0	
0.0	0.0	0.0	0.0	1.0	1.0	1.0	1.0	1.0	1.0	1.0	1.0	0.0	0.0	0.0	1.0	0.0	0.0	3.0	3.0	3.0	3.0	3.0	3.0	2.0	2.0	2.0	3.0	2.0	3.0	0.0	1.0	0.0	0.0	0.0	0.0	0.0	0.0	0.0	0.0	0.0	0.0	0.0	0.0	0.0	0.0	0.0	0.0	0.0	0.0	0.0	
0.0	0.0	0.0	0.0	2.0	1.0	0.0	0.0	0.0	0.0	1.0	1.0	0.0	0.0	0.0	0.0	0.0	2.0	3.0	3.0	3.0	3.0	3.0	0.0	3.0	2.0	1.0	3.0	3.0	1.0	2.0	0.0	0.0	0.0	0.0	0.0	0.0	0.0	0.0	0.0	0.0	0.0	0.0	0.0	0.0	0.0	0.0	0.0	0.0	0.0	0.0	
0.0	0.0	0.0	1.0	1.0	1.0	1.0	1.0	1.0	1.0	1.0	1.0	0.0	0.0	0.0	2.0	0.0	2.0	3.0	3.0	2.0	2.0	2.0	2.0	3.0	1.0	2.0	3.0	3.0	0.0	1.0	0.0	0.0	0.0	0.0	0.0	0.0	0.0	0.0	0.0	0.0	0.0	0.0	0.0	0.0	0.0	0.0	0.0	0.0	0.0	0.0	
0.0	0.0	0.0	0.0	0.0	0.0	0.0	0.0	0.0	0.0	0.0	0.0	0.0	0.0	0.0	2.0	0.0	2.0	3.0	3.0	3.0	2.0	2.0	2.0	3.0	2.0	3.0	3.0	3.0	0.0	0.0	1.0	2.0	0.0	0.0	0.0	0.0	0.0	0.0	0.0	0.0	0.0	0.0	0.0	0.0	0.0	0.0	0.0	0.0	0.0	0.0	
0.0	0.0	0.0	0.0	0.0	0.0	0.0	0.0	0.0	0.0	0.0	0.0	0.0	0.0	0.0	2.0	0.0	3.0	3.0	3.0	2.0	3.0	3.0	3.0	3.0	3.0	3.0	3.0	3.0	0.0	0.0	3.0	2.0	0.0	0.0	0.0	0.0	0.0	0.0	0.0	0.0	0.0	0.0	0.0	0.0	0.0	0.0	0.0	0.0	0.0	0.0	
0.0	0.0	0.0	1.0	0.0	0.0	0.0	0.0	0.0	0.0	1.0	1.0	1.0	0.0	0.0	2.0	2.0	3.0	3.0	3.0	2.0	3.0	3.0	3.0	3.0	3.0	2.0	3.0	3.0	1.0	0.0	2.0	2.0	0.0	0.0	0.0	0.0	0.0	0.0	0.0	0.0	0.0	0.0	0.0	0.0	0.0	0.0	0.0	0.0	0.0	0.0	
0.0	1.0	0.0	3.0	3.0	1.0	1.0	1.0	1.0	1.0	1.0	1.0	3.0	0.0	0.0	0.0	2.0	3.0	3.0	3.0	2.0	3.0	3.0	3.0	3.0	3.0	2.0	3.0	3.0	3.0	0.0	1.0	2.0	0.0	0.0	0.0	0.0	0.0	0.0	0.0	0.0	0.0	0.0	0.0	0.0	0.0	0.0	0.0	0.0	0.0	0.0	
0.0	0.0	1.0	3.0	3.0	1.0	1.0	1.0	1.0	1.0	1.0	3.0	3.0	1.0	0.0	0.0	3.0	3.0	3.0	3.0	3.0	3.0	3.0	3.0	2.0	3.0	3.0	3.0	3.0	3.0	0.0	2.0	1.0	0.0	0.0	0.0	0.0	0.0	0.0	0.0	0.0	0.0	0.0	0.0	0.0	0.0	0.0	0.0	0.0	0.0	0.0	
0.0	1.0	3.0	2.0	3.0	3.0	3.0	3.0	3.0	3.0	3.0	3.0	3.0	3.0	1.0	1.0	3.0	3.0	3.0	3.0	1.0	3.0	3.0	2.0	2.0	3.0	3.0	3.0	2.0	3.0	1.0	2.0	0.0	0.0	0.0	0.0	0.0	0.0	0.0	0.0	0.0	0.0	0.0	0.0	0.0	0.0	0.0	0.0	0.0	0.0	0.0	
1.0	1.0	2.0	2.0	3.0	3.0	3.0	3.0	1.0	3.0	3.0	3.0	1.0	1.0	3.0	3.0	1.0	3.0	3.0	1.0	1.0	3.0	3.0	2.0	1.0	2.0	3.0	3.0	1.0	2.0	3.0	0.0	0.0	0.0	2.0	3.0	1.0	1.0	1.0	1.0	0.0	0.0	0.0	0.0	0.0	0.0	1.0	1.0	1.0	0.0	0.0	
1.0	1.0	3.0	3.0	3.0	2.0	3.0	3.0	1.0	3.0	2.0	3.0	1.0	3.0	3.0	3.0	3.0	3.0	3.0	1.0	1.0	3.0	3.0	3.0	1.0	3.0	3.0	3.0	3.0	3.0	2.0	1.0	2.0	2.0	1.0	0.0	0.0	1.0	1.0	1.0	1.0	1.0	1.0	1.0	1.0	1.0	3.0	1.0	2.0	0.0	0.0	
1.0	1.0	1.0	3.0	3.0	2.0	3.0	3.0	3.0	3.0	3.0	3.0	1.0	1.0	1.0	1.0	2.0	1.0	2.0	1.0	3.0	3.0	3.0	1.0	1.0	1.0	3.0	1.0	3.0	3.0	3.0	3.0	2.0	1.0	3.0	2.0	0.0	0.0	0.0	0.0	1.0	3.0	1.0	2.0	1.0	1.0	1.0	3.0	1.0	0.0	0.0	
1.0	1.0	2.0	3.0	3.0	3.0	3.0	3.0	2.0	3.0	3.0	3.0	1.0	3.0	3.0	1.0	3.0	1.0	3.0	2.0	3.0	3.0	3.0	2.0	1.0	2.0	1.0	3.0	3.0	1.0	3.0	3.0	3.0	3.0	3.0	3.0	3.0	3.0	1.0	1.0	1.0	1.0	1.0	1.0	1.0	0.0	0.0	0.0	2.0	0.0	0.0	
0.0	1.0	1.0	3.0	3.0	3.0	3.0	3.0	3.0	2.0	3.0	3.0	3.0	1.0	3.0	3.0	3.0	0.0	1.0	3.0	2.0	2.0	3.0	3.0	3.0	3.0	3.0	1.0	3.0	3.0	3.0	3.0	1.0	1.0	1.0	3.0	3.0	3.0	3.0	3.0	3.0	1.0	1.0	3.0	1.0	3.0	1.0	0.0	2.0	0.0	0.0	
0.0	0.0	0.0	0.0	3.0	3.0	3.0	3.0	3.0	3.0	3.0	2.0	3.0	1.0	3.0	3.0	3.0	1.0	3.0	3.0	2.0	1.0	1.0	3.0	3.0	1.0	1.0	3.0	1.0	1.0	1.0	1.0	1.0	1.0	3.0	3.0	3.0	1.0	1.0	1.0	3.0	3.0	3.0	3.0	3.0	3.0	3.0	3.0	1.0	0.0	0.0	
0.0	0.0	0.0	0.0	1.0	1.0	3.0	3.0	3.0	3.0	3.0	3.0	3.0	1.0	3.0	3.0	3.0	2.0	3.0	0.0	3.0	3.0	3.0	3.0	3.0	3.0	3.0	3.0	3.0	3.0	1.0	3.0	3.0	3.0	3.0	3.0	3.0	1.0	3.0	3.0	3.0	1.0	2.0	3.0	3.0	2.0	3.0	3.0	1.0	0.0	0.0	
0.0	0.0	0.0	0.0	0.0	1.0	2.0	3.0	3.0	3.0	3.0	3.0	3.0	1.0	2.0	1.0	1.0	3.0	1.0	1.0	2.0	3.0	3.0	3.0	3.0	3.0	3.0	3.0	3.0	1.0	1.0	3.0	2.0	3.0	1.0	1.0	1.0	1.0	1.0	2.0	3.0	3.0	3.0	3.0	3.0	3.0	3.0	0.0	2.0	0.0	0.0	
0.0	0.0	0.0	0.0	1.0	0.0	0.0	1.0	3.0	3.0	3.0	3.0	3.0	1.0	3.0	3.0	2.0	2.0	1.0	3.0	3.0	3.0	3.0	3.0	3.0	3.0	3.0	0.0	2.0	1.0	3.0	2.0	2.0	1.0	2.0	2.0	1.0	1.0	3.0	2.0	2.0	1.0	1.0	3.0	3.0	3.0	2.0	1.0	1.0	0.0	0.0	
0.0	0.0	0.0	0.0	0.0	0.0	0.0	0.0	3.0	3.0	3.0	3.0	3.0	1.0	3.0	3.0	3.0	3.0	3.0	3.0	3.0	3.0	3.0	3.0	3.0	3.0	3.0	3.0	3.0	3.0	1.0	1.0	1.0	1.0	2.0	2.0	1.0	3.0	3.0	3.0	3.0	1.0	3.0	2.0	3.0	2.0	0.0	0.0	2.0	1.0	1.0	
0.0	0.0	0.0	0.0	0.0	0.0	0.0	2.0	2.0	1.0	3.0	3.0	3.0	3.0	1.0	3.0	3.0	3.0	3.0	3.0	3.0	3.0	3.0	3.0	3.0	3.0	3.0	3.0	3.0	3.0	3.0	1.0	3.0	2.0	1.0	1.0	1.0	3.0	2.0	1.0	3.0	3.0	3.0	1.0	1.0	0.0	0.0	0.0	1.0	1.0	1.0	
0.0	0.0	0.0	0.0	0.0	0.0	0.0	2.0	0.0	2.0	0.0	3.0	3.0	3.0	3.0	3.0	3.0	3.0	3.0	3.0	3.0	3.0	3.0	1.0	1.0	3.0	3.0	3.0	1.0	3.0	1.0	2.0	3.0	2.0	3.0	3.0	3.0	1.0	1.0	3.0	3.0	1.0	2.0	1.0	0.0	0.0	0.0	1.0	0.0	0.0	0.0	
0.0	0.0	0.0	0.0	0.0	0.0	0.0	2.0	1.0	2.0	0.0	0.0	3.0	3.0	3.0	3.0	3.0	3.0	3.0	3.0	3.0	3.0	3.0	3.0	1.0	2.0	2.0	2.0	3.0	2.0	3.0	3.0	2.0	2.0	3.0	1.0	1.0	3.0	3.0	1.0	0.0	0.0	0.0	0.0	0.0	1.0	1.0	1.0	2.0	0.0	0.0	
0.0	0.0	0.0	0.0	0.0	0.0	0.0	0.0	1.0	0.0	0.0	0.0	2.0	3.0	3.0	3.0	3.0	3.0	3.0	3.0	3.0	1.0	1.0	3.0	1.0	3.0	3.0	0.0	2.0	3.0	3.0	1.0	1.0	3.0	3.0	3.0	3.0	3.0	3.0	0.0	0.0	0.0	1.0	3.0	1.0	2.0	3.0	3.0	2.0	0.0	0.0	
0.0	0.0	0.0	0.0	0.0	0.0	0.0	0.0	0.0	2.0	1.0	1.0	3.0	3.0	3.0	3.0	3.0	3.0	3.0	3.0	1.0	1.0	3.0	3.0	3.0	2.0	3.0	2.0	3.0	3.0	3.0	3.0	1.0	1.0	3.0	3.0	3.0	1.0	1.0	1.0	1.0	1.0	2.0	1.0	1.0	1.0	1.0	1.0	0.0	0.0	0.0	
0.0	0.0	0.0	0.0	0.0	0.0	0.0	0.0	0.0	2.0	1.0	2.0	3.0	3.0	3.0	3.0	3.0	3.0	3.0	2.0	1.0	1.0	3.0	1.0	3.0	2.0	1.0	2.0	3.0	3.0	2.0	3.0	1.0	3.0	1.0	1.0	2.0	1.0	1.0	2.0	2.0	1.0	0.0	0.0	0.0	0.0	0.0	0.0	0.0	0.0	0.0	
0.0	0.0	0.0	0.0	0.0	2.0	2.0	0.0	1.0	0.0	1.0	2.0	2.0	2.0	2.0	2.0	2.0	3.0	2.0	2.0	2.0	2.0	3.0	2.0	2.0	2.0	1.0	2.0	2.0	3.0	2.0	1.0	1.0	3.0	2.0	1.0	3.0	2.0	0.0	3.0	3.0	2.0	0.0	0.0	0.0	0.0	0.0	0.0	0.0	0.0	0.0	
0.0	0.0	0.0	0.0	0.0	2.0	2.0	1.0	1.0	1.0	0.0	2.0	3.0	3.0	3.0	3.0	1.0	2.0	3.0	2.0	2.0	2.0	3.0	3.0	3.0	3.0	1.0	3.0	2.0	2.0	2.0	2.0	2.0	3.0	3.0	0.0	3.0	2.0	0.0	3.0	3.0	0.0	1.0	0.0	0.0	0.0	0.0	0.0	0.0	0.0	0.0	
0.0	0.0	0.0	0.0	0.0	2.0	2.0	2.0	0.0	2.0	0.0	3.0	3.0	3.0	3.0	2.0	1.0	3.0	2.0	3.0	2.0	1.0	1.0	3.0	1.0	3.0	1.0	2.0	2.0	2.0	1.0	2.0	2.0	2.0	3.0	0.0	1.0	2.0	0.0	2.0	2.0	1.0	0.0	1.0	0.0	0.0	0.0	0.0	0.0	0.0	0.0	
0.0	0.0	0.0	0.0	0.0	2.0	2.0	2.0	0.0	2.0	2.0	3.0	3.0	3.0	1.0	2.0	1.0	3.0	3.0	1.0	1.0	0.0	0.0	2.0	1.0	2.0	2.0	0.0	2.0	2.0	2.0	2.0	1.0	3.0	3.0	3.0	1.0	3.0	3.0	3.0	2.0	1.0	2.0	0.0	0.0	0.0	0.0	0.0	0.0	0.0	0.0	
0.0	0.0	0.0	0.0	0.0	0.0	0.0	2.0	2.0	2.0	1.0	3.0	3.0	3.0	3.0	3.0	3.0	1.0	3.0	1.0	1.0	1.0	1.0	2.0	1.0	1.0	2.0	1.0	2.0	2.0	2.0	3.0	3.0	2.0	3.0	3.0	3.0	3.0	1.0	3.0	2.0	2.0	0.0	0.0	1.0	0.0	0.0	0.0	0.0	0.0	0.0	
0.0	0.0	0.0	0.0	0.0	0.0	0.0	2.0	2.0	1.0	2.0	3.0	3.0	3.0	3.0	3.0	1.0	3.0	3.0	3.0	3.0	1.0	2.0	1.0	3.0	3.0	3.0	1.0	2.0	2.0	2.0	3.0	1.0	1.0	3.0	3.0	3.0	3.0	2.0	3.0	2.0	3.0	0.0	1.0	1.0	1.0	1.0	1.0	1.0	0.0	0.0	
0.0	0.0	0.0	0.0	0.0	0.0	0.0	2.0	1.0	2.0	2.0	3.0	3.0	3.0	3.0	2.0	1.0	3.0	3.0	3.0	3.0	2.0	3.0	3.0	3.0	3.0	2.0	0.0	1.0	0.0	3.0	2.0	2.0	3.0	3.0	2.0	3.0	2.0	3.0	3.0	3.0	3.0	1.0	3.0	1.0	1.0	3.0	1.0	1.0	1.0	0.0	
0.0	0.0	0.0	0.0	0.0	0.0	0.0	2.0	1.0	3.0	2.0	3.0	3.0	3.0	2.0	3.0	1.0	3.0	1.0	3.0	3.0	3.0	1.0	3.0	3.0	3.0	2.0	3.0	2.0	2.0	3.0	2.0	3.0	3.0	3.0	3.0	3.0	1.0	1.0	2.0	3.0	3.0	1.0	3.0	0.0	1.0	1.0	0.0	0.0	0.0	2.0	
0.0	0.0	0.0	0.0	0.0	0.0	0.0	0.0	2.0	0.0	3.0	3.0	2.0	2.0	2.0	1.0	3.0	1.0	1.0	3.0	1.0	3.0	3.0	3.0	3.0	3.0	3.0	3.0	3.0	2.0	2.0	2.0	3.0	3.0	3.0	3.0	2.0	3.0	1.0	3.0	3.0	3.0	3.0	3.0	0.0	1.0	2.0	0.0	0.0	0.0	0.0	
0.0	0.0	0.0	0.0	0.0	0.0	0.0	0.0	2.0	3.0	3.0	3.0	2.0	1.0	3.0	2.0	1.0	3.0	2.0	1.0	1.0	3.0	3.0	3.0	3.0	3.0	3.0	3.0	1.0	3.0	2.0	3.0	3.0	3.0	3.0	3.0	3.0	3.0	2.0	3.0	3.0	3.0	3.0	3.0	1.0	1.0	0.0	1.0	0.0	0.0	0.0	
0.0	0.0	0.0	0.0	0.0	0.0	0.0	2.0	2.0	3.0	3.0	3.0	3.0	3.0	2.0	1.0	1.0	1.0	1.0	3.0	3.0	1.0	1.0	1.0	1.0	3.0	3.0	3.0	3.0	1.0	3.0	3.0	2.0	3.0	3.0	2.0	3.0	1.0	3.0	2.0	1.0	1.0	0.0	0.0	1.0	0.0	1.0	0.0	0.0	0.0	0.0	
0.0	0.0	0.0	0.0	0.0	0.0	0.0	0.0	1.0	3.0	3.0	3.0	1.0	1.0	3.0	3.0	3.0	3.0	1.0	1.0	1.0	3.0	1.0	1.0	1.0	3.0	3.0	3.0	3.0	3.0	3.0	3.0	3.0	3.0	3.0	2.0	3.0	2.0	3.0	2.0	0.0	0.0	1.0	1.0	0.0	2.0	0.0	0.0	0.0	0.0	0.0	
0.0	0.0	0.0	0.0	0.0	0.0	0.0	0.0	0.0	2.0	3.0	3.0	3.0	3.0	3.0	1.0	0.0	0.0	2.0	3.0	1.0	1.0	1.0	1.0	3.0	1.0	3.0	3.0	3.0	3.0	3.0	2.0	2.0	3.0	2.0	2.0	3.0	3.0	2.0	3.0	0.0	0.0	0.0	0.0	0.0	0.0	0.0	0.0	0.0	0.0	0.0	
0.0	0.0	0.0	0.0	0.0	0.0	0.0	0.0	0.0	0.0	3.0	1.0	1.0	3.0	1.0	0.0	0.0	1.0	3.0	1.0	1.0	1.0	1.0	2.0	1.0	3.0	0.0	3.0	3.0	3.0	3.0	3.0	3.0	2.0	1.0	1.0	3.0	2.0	2.0	0.0	0.0	0.0	0.0	0.0	0.0	0.0	0.0	0.0	0.0	0.0	0.0	
0.0	0.0	0.0	0.0	0.0	0.0	0.0	0.0	1.0	1.0	1.0	1.0	0.0	0.0	2.0	3.0	1.0	3.0	1.0	1.0	1.0	1.0	1.0	3.0	3.0	1.0	3.0	3.0	3.0	3.0	3.0	3.0	2.0	2.0	2.0	1.0	3.0	2.0	3.0	0.0	0.0	0.0	0.0	0.0	0.0	0.0	0.0	0.0	0.0	0.0	0.0	
0.0	0.0	0.0	0.0	0.0	0.0	0.0	2.0	3.0	1.0	2.0	0.0	0.0	0.0	3.0	1.0	2.0	2.0	0.0	0.0	0.0	0.0	0.0	0.0	0.0	2.0	1.0	3.0	2.0	3.0	3.0	3.0	1.0	2.0	2.0	3.0	2.0	3.0	3.0	1.0	0.0	0.0	0.0	0.0	0.0	0.0	0.0	0.0	0.0	0.0	0.0	
0.0	0.0	0.0	0.0	0.0	0.0	0.0	0.0	1.0	1.0	1.0	0.0	0.0	0.0	1.0	1.0	1.0	1.0	0.0	0.0	0.0	0.0	0.0	0.0	0.0	0.0	3.0	1.0	2.0	3.0	3.0	3.0	3.0	2.0	3.0	3.0	2.0	3.0	3.0	2.0	0.0	0.0	0.0	0.0	0.0	0.0	0.0	0.0	0.0	0.0	0.0	
0.0	0.0	0.0	0.0	0.0	0.0	0.0	0.0	0.0	0.0	0.0	0.0	0.0	0.0	0.0	0.0	0.0	0.0	0.0	0.0	0.0	0.0	0.0	0.0	0.0	0.0	2.0	2.0	1.0	3.0	1.0	3.0	3.0	3.0	3.0	3.0	3.0	3.0	3.0	0.0	0.0	0.0	0.0	0.0	0.0	0.0	0.0	0.0	0.0	0.0	0.0	
0.0	0.0	0.0	0.0	0.0	0.0	0.0	0.0	0.0	0.0	0.0	0.0	0.0	0.0	0.0	0.0	0.0	0.0	0.0	0.0	0.0	0.0	0.0	0.0	0.0	0.0	2.0	2.0	0.0	1.0	1.0	2.0	3.0	3.0	3.0	3.0	3.0	3.0	2.0	0.0	0.0	0.0	0.0	0.0	0.0	0.0	0.0	0.0	0.0	0.0	0.0	
}