Horiz coefs blue

Size: 51x51
{
0.0	0.0	0.0	0.0	0.0	0.0	0.0	0.0	0.0	0.0	0.0	0.0	0.0	0.0	0.0	0.0	0.0	2.0	2.0	2.0	8.0	6.0	8.0	2.0	1.0	-15.0	0.0	-5.0	-3.0	-2.0	0.0	0.0	0.0	0.0	0.0	0.0	0.0	0.0	0.0	0.0	0.0	0.0	0.0	0.0	0.0	0.0	0.0	0.0	0.0	0.0	0.0	
0.0	0.0	0.0	0.0	0.0	0.0	0.0	0.0	0.0	0.0	0.0	0.0	0.0	0.0	0.0	2.0	10.0	2.0	1.0	1.0	12.0	43.0	96.0	140.0	131.0	59.0	10.0	-8.0	-5.0	0.0	0.0	1.0	0.0	0.0	0.0	0.0	0.0	0.0	0.0	0.0	0.0	0.0	0.0	0.0	0.0	0.0	0.0	0.0	0.0	0.0	0.0	
0.0	0.0	0.0	0.0	0.0	0.0	0.0	0.0	0.0	0.0	0.0	0.0	0.0	0.0	0.0	0.0	3.0	-2.0	-5.0	-2.0	8.0	16.0	12.0	46.0	48.0	63.0	12.0	-6.0	-8.0	0.0	-2.0	0.0	0.0	0.0	0.0	0.0	0.0	0.0	0.0	0.0	0.0	0.0	0.0	0.0	0.0	0.0	0.0	0.0	0.0	0.0	0.0	
0.0	0.0	0.0	0.0	0.0	0.0	0.0	0.0	0.0	0.0	0.0	0.0	0.0	0.0	0.0	0.0	-2.0	-6.0	0.0	-1.0	8.0	6.0	-17.0	-6.0	4.0	57.0	28.0	0.0	0.0	0.0	0.0	0.0	0.0	0.0	0.0	0.0	0.0	0.0	0.0	0.0	0.0	0.0	0.0	0.0	0.0	0.0	0.0	0.0	0.0	0.0	0.0	
0.0	0.0	0.0	0.0	0.0	0.0	0.0	0.0	0.0	0.0	0.0	0.0	0.0	0.0	0.0	0.0	-7.0	0.0	0.0	3.0	21.0	20.0	10.0	-5.0	7.0	21.0	24.0	0.0	1.0	1.0	0.0	-4.0	-1.0	0.0	0.0	0.0	0.0	0.0	0.0	0.0	0.0	0.0	0.0	0.0	0.0	0.0	0.0	0.0	0.0	0.0	0.0	
0.0	0.0	0.0	0.0	0.0	0.0	0.0	0.0	0.0	0.0	0.0	0.0	0.0	0.0	0.0	0.0	-3.0	0.0	0.0	18.0	30.0	29.0	10.0	-22.0	-13.0	6.0	39.0	9.0	9.0	9.0	0.0	-5.0	-2.0	0.0	0.0	0.0	0.0	0.0	0.0	0.0	0.0	0.0	0.0	0.0	0.0	0.0	0.0	0.0	0.0	0.0	0.0	
0.0	0.0	0.0	0.0	0.0	0.0	0.0	0.0	0.0	0.0	0.0	0.0	0.0	0.0	0.0	0.0	-1.0	0.0	9.0	21.0	23.0	22.0	14.0	-15.0	-12.0	-6.0	28.0	5.0	8.0	9.0	0.0	-3.0	0.0	0.0	0.0	0.0	0.0	0.0	0.0	0.0	0.0	0.0	0.0	0.0	0.0	0.0	0.0	0.0	0.0	0.0	0.0	
0.0	0.0	0.0	0.0	2.0	4.0	4.0	4.0	4.0	4.0	4.0	2.0	0.0	0.0	0.0	-2.0	0.0	0.0	11.0	18.0	14.0	14.0	8.0	-5.0	2.0	-4.0	27.0	21.0	-5.0	-8.0	0.0	-3.0	0.0	0.0	0.0	0.0	0.0	0.0	0.0	0.0	0.0	0.0	0.0	0.0	0.0	0.0	0.0	0.0	0.0	0.0	0.0	
0.0	0.0	0.0	0.0	0.0	1.0	0.0	0.0	0.0	0.0	1.0	2.0	0.0	0.0	0.0	0.0	0.0	-1.0	6.0	11.0	8.0	7.0	6.0	0.0	-6.0	-2.0	16.0	39.0	-7.0	-12.0	2.0	0.0	0.0	0.0	0.0	0.0	0.0	0.0	0.0	0.0	0.0	0.0	0.0	0.0	0.0	0.0	0.0	0.0	0.0	0.0	0.0	
0.0	0.0	0.0	-2.0	-4.0	-6.0	-8.0	-8.0	-8.0	-8.0	-6.0	-4.0	0.0	0.0	0.0	0.0	0.0	1.0	9.0	11.0	1.0	0.0	0.0	0.0	-15.0	-3.0	4.0	42.0	9.0	0.0	1.0	0.0	0.0	0.0	0.0	0.0	0.0	0.0	0.0	0.0	0.0	0.0	0.0	0.0	0.0	0.0	0.0	0.0	0.0	0.0	0.0	
0.0	0.0	0.0	0.0	0.0	0.0	0.0	0.0	0.0	0.0	0.0	0.0	0.0	0.0	0.0	0.0	0.0	3.0	18.0	16.0	5.0	-1.0	0.0	0.0	-15.0	-6.0	16.0	41.0	13.0	0.0	0.0	8.0	2.0	0.0	0.0	0.0	0.0	0.0	0.0	0.0	0.0	0.0	0.0	0.0	0.0	0.0	0.0	0.0	0.0	0.0	0.0	
0.0	0.0	0.0	0.0	0.0	0.0	0.0	0.0	0.0	0.0	0.0	0.0	0.0	0.0	0.0	0.0	0.0	8.0	15.0	13.0	4.0	-4.0	-5.0	-4.0	-11.0	-5.0	10.0	27.0	17.0	0.0	0.0	4.0	0.0	0.0	0.0	0.0	0.0	0.0	0.0	0.0	0.0	0.0	0.0	0.0	0.0	0.0	0.0	0.0	0.0	0.0	0.0	
0.0	0.0	0.0	2.0	0.0	0.0	0.0	0.0	0.0	0.0	3.0	6.0	4.0	0.0	0.0	0.0	0.0	14.0	16.0	13.0	3.0	-4.0	-8.0	-4.0	-9.0	-13.0	1.0	12.0	29.0	5.0	0.0	-4.0	0.0	0.0	0.0	0.0	0.0	0.0	0.0	0.0	0.0	0.0	0.0	0.0	0.0	0.0	0.0	0.0	0.0	0.0	0.0	
0.0	-1.0	0.0	4.0	2.0	4.0	3.0	7.0	4.0	1.0	-2.0	-3.0	4.0	0.0	0.0	0.0	0.0	15.0	19.0	14.0	1.0	-6.0	-12.0	-9.0	-8.0	-19.0	-3.0	7.0	41.0	9.0	0.0	-6.0	-2.0	0.0	0.0	0.0	0.0	0.0	0.0	0.0	0.0	0.0	0.0	0.0	0.0	0.0	0.0	0.0	0.0	0.0	0.0	
0.0	0.0	2.0	3.0	10.0	8.0	6.0	3.0	8.0	4.0	7.0	9.0	3.0	2.0	0.0	0.0	5.0	16.0	14.0	5.0	-2.0	-7.0	-7.0	-9.0	0.0	-25.0	-10.0	15.0	37.0	13.0	0.0	-2.0	-2.0	0.0	0.0	0.0	0.0	0.0	0.0	0.0	0.0	0.0	0.0	0.0	0.0	0.0	0.0	0.0	0.0	0.0	0.0	
0.0	1.0	4.0	2.0	32.0	53.0	85.0	101.0	100.0	89.0	69.0	59.0	40.0	38.0	34.0	32.0	30.0	19.0	4.0	-6.0	-9.0	-6.0	-4.0	-2.0	-5.0	-17.0	-12.0	-4.0	10.0	25.0	2.0	-2.0	0.0	0.0	0.0	0.0	0.0	0.0	0.0	0.0	0.0	0.0	0.0	0.0	0.0	0.0	0.0	0.0	0.0	0.0	0.0	
8.0	3.0	-1.0	1.0	-11.0	-18.0	-31.0	-40.0	-29.0	-13.0	5.0	21.0	81.0	132.0	154.0	133.0	87.0	44.0	19.0	11.0	-12.0	-7.0	-4.0	-2.0	9.0	0.0	-27.0	-7.0	-7.0	16.0	15.0	0.0	0.0	0.0	0.0	3.0	4.0	4.0	4.0	4.0	0.0	0.0	0.0	0.0	0.0	0.0	2.0	4.0	2.0	0.0	0.0	
-4.0	-2.0	-2.0	-5.0	-9.0	1.0	3.0	5.0	24.0	10.0	-4.0	-17.0	-37.0	-76.0	-88.0	-60.0	-11.0	-24.0	-11.0	-1.0	-4.0	-5.0	-8.0	-5.0	-1.0	12.0	-16.0	5.0	11.0	36.0	4.0	6.0	-1.0	0.0	2.0	0.0	0.0	-4.0	-6.0	-4.0	3.0	8.0	8.0	8.0	10.0	11.0	9.0	7.0	1.0	0.0	0.0	
-2.0	-2.0	-2.0	-5.0	-2.0	0.0	-5.0	-9.0	-11.0	-8.0	4.0	10.0	11.0	30.0	30.0	13.0	-2.0	13.0	-2.0	-14.0	-6.0	-8.0	-7.0	-6.0	12.0	-4.0	-19.0	21.0	14.0	50.0	36.0	23.0	1.0	-1.0	3.0	0.0	0.0	0.0	0.0	0.0	-4.0	-6.0	-3.0	-1.0	-2.0	-6.0	-10.0	-12.0	-2.0	0.0	0.0	
-2.0	-2.0	0.0	-4.0	-8.0	-6.0	-6.0	-7.0	-2.0	5.0	16.0	22.0	8.0	19.0	19.0	7.0	-4.0	13.0	7.0	-3.0	-6.0	-5.0	-3.0	2.0	-8.0	-3.0	-42.0	-100.0	-30.0	65.0	191.0	220.0	189.0	144.0	80.0	33.0	35.0	35.0	28.0	20.0	2.0	2.0	10.0	8.0	6.0	0.0	0.0	0.0	0.0	0.0	0.0	
0.0	-2.0	-2.0	-4.0	-8.0	-7.0	-18.0	-13.0	-4.0	-1.0	10.0	12.0	8.0	8.0	11.0	9.0	3.0	0.0	-4.0	-4.0	-1.0	1.0	3.0	7.0	8.0	8.0	8.0	14.0	-73.0	-118.0	-136.0	-116.0	-45.0	-7.0	77.0	156.0	163.0	165.0	148.0	126.0	56.0	53.0	46.0	47.0	24.0	15.0	9.0	0.0	0.0	0.0	0.0	
0.0	0.0	0.0	0.0	-5.0	-4.0	-17.0	-16.0	-16.0	-10.0	-7.0	0.0	-4.0	-4.0	-5.0	-3.0	-3.0	-4.0	-3.0	-4.0	0.0	5.0	12.0	12.0	11.0	12.0	17.0	23.0	25.0	58.0	65.0	44.0	14.0	-23.0	-65.0	-88.0	-92.0	-64.0	-22.0	18.0	40.0	95.0	136.0	158.0	98.0	39.0	13.0	8.0	2.0	0.0	0.0	
0.0	0.0	0.0	0.0	-1.0	-9.0	-7.0	-17.0	-24.0	-23.0	-18.0	-12.0	-12.0	-12.0	-11.0	-11.0	-5.0	-1.0	-5.0	0.0	2.0	4.0	12.0	8.0	9.0	12.0	18.0	22.0	41.0	18.0	9.0	17.0	22.0	34.0	42.0	42.0	46.0	30.0	14.0	10.0	-55.0	-50.0	-2.0	78.0	42.0	7.0	-4.0	-5.0	-2.0	0.0	0.0	
0.0	0.0	0.0	0.0	0.0	-2.0	0.0	-9.0	-26.0	-31.0	-30.0	-20.0	-5.0	1.0	-2.0	-10.0	-6.0	-3.0	-2.0	-2.0	1.0	3.0	4.0	7.0	13.0	11.0	9.0	8.0	21.0	21.0	10.0	-3.0	1.0	-2.0	3.0	17.0	32.0	37.0	20.0	-6.0	28.0	20.0	-19.0	-67.0	-68.0	-33.0	-6.0	0.0	0.0	0.0	0.0	
0.0	0.0	0.0	0.0	1.0	0.0	0.0	-2.0	-11.0	-24.0	-30.0	-19.0	-7.0	-2.0	-4.0	-6.0	0.0	0.0	4.0	5.0	7.0	10.0	7.0	8.0	9.0	6.0	4.0	0.0	0.0	-1.0	-2.0	0.0	-1.0	-3.0	-1.0	0.0	12.0	-7.0	4.0	4.0	-20.0	-41.0	35.0	-119.0	-34.0	-21.0	-5.0	1.0	2.0	0.0	0.0	
0.0	0.0	0.0	0.0	0.0	0.0	0.0	0.0	5.0	-5.0	-21.0	-27.0	-25.0	-23.0	-11.0	-2.0	6.0	6.0	12.0	11.0	17.0	16.0	15.0	17.0	9.0	8.0	8.0	10.0	14.0	15.0	10.0	10.0	2.0	3.0	1.0	0.0	6.0	-21.0	-12.0	-42.0	63.0	-72.0	-121.0	-11.0	-16.0	-5.0	0.0	0.0	-1.0	-2.0	-2.0	
0.0	0.0	0.0	0.0	0.0	0.0	0.0	0.0	0.0	-4.0	-14.0	-37.0	-36.0	-29.0	-10.0	8.0	10.0	11.0	11.0	16.0	17.0	19.0	18.0	14.0	13.0	16.0	18.0	18.0	14.0	13.0	10.0	11.0	6.0	0.0	-5.0	-13.0	-27.0	-45.0	-3.0	25.0	-161.0	-52.0	-27.0	-26.0	-10.0	0.0	0.0	0.0	-1.0	-2.0	-2.0	
0.0	0.0	0.0	0.0	0.0	0.0	0.0	0.0	0.0	2.0	0.0	-24.0	-31.0	-22.0	-5.0	11.0	9.0	9.0	14.0	14.0	12.0	11.0	12.0	8.0	10.0	10.0	10.0	11.0	7.0	6.0	3.0	0.0	5.0	-2.0	-11.0	-24.0	-63.0	71.0	-68.0	-156.0	-32.0	-12.0	-4.0	-4.0	0.0	0.0	0.0	4.0	0.0	0.0	0.0	
0.0	0.0	0.0	0.0	0.0	0.0	0.0	0.0	-2.0	0.0	0.0	0.0	-9.0	-5.0	5.0	15.0	19.0	15.0	15.0	17.0	13.0	10.0	5.0	8.0	2.0	2.0	2.0	0.0	-24.0	2.0	-11.0	-24.0	10.0	1.0	-56.0	19.0	38.0	-194.0	-67.0	-36.0	0.0	0.0	0.0	0.0	0.0	6.0	5.0	6.0	0.0	0.0	0.0	
0.0	0.0	0.0	0.0	0.0	0.0	0.0	0.0	-4.0	0.0	0.0	0.0	-2.0	10.0	13.0	25.0	26.0	23.0	19.0	17.0	12.0	7.0	2.0	4.0	2.0	2.0	2.0	0.0	9.0	-8.0	-9.0	-14.0	-33.0	-44.0	75.0	-110.0	-127.0	-15.0	-19.0	0.0	0.0	0.0	1.0	2.0	2.0	0.0	-4.0	-4.0	0.0	0.0	0.0	
0.0	0.0	0.0	0.0	0.0	0.0	0.0	0.0	0.0	2.0	9.0	8.0	7.0	13.0	13.0	19.0	15.0	13.0	13.0	7.0	1.0	-1.0	-3.0	-4.0	2.0	0.0	2.0	0.0	-13.0	-10.0	-26.0	-31.0	48.0	31.0	-172.0	-63.0	-38.0	-4.0	28.0	9.0	3.0	2.0	0.0	-2.0	-2.0	-4.0	-4.0	-2.0	0.0	0.0	0.0	
0.0	0.0	0.0	0.0	0.0	0.0	0.0	0.0	0.0	-1.0	-2.0	0.0	4.0	10.0	13.0	9.0	9.0	6.0	6.0	2.0	-2.0	-4.0	-6.0	-7.0	-4.0	-1.0	-2.0	0.0	-4.0	-10.0	-5.0	88.0	-44.0	-114.0	-29.0	-5.0	-4.0	-9.0	-14.0	5.0	2.0	-4.0	0.0	0.0	0.0	0.0	0.0	0.0	0.0	0.0	0.0	
0.0	0.0	0.0	0.0	0.0	0.0	0.0	0.0	4.0	0.0	-2.0	-1.0	2.0	8.0	10.0	9.0	1.0	3.0	0.0	0.0	-2.0	-2.0	-3.0	0.0	-2.0	0.0	-2.0	0.0	0.0	3.0	0.0	3.0	28.0	35.0	7.0	1.0	15.0	2.0	0.0	-4.0	-3.0	0.0	0.0	0.0	0.0	0.0	0.0	0.0	0.0	0.0	0.0	
0.0	0.0	0.0	0.0	0.0	0.0	0.0	2.0	4.0	2.0	0.0	3.0	18.0	12.0	12.0	4.0	-1.0	-1.0	-3.0	0.0	-2.0	2.0	3.0	4.0	-4.0	-4.0	-1.0	-2.0	0.0	1.0	-3.0	-4.0	1.0	34.0	11.0	0.0	-6.0	-3.0	0.0	-2.0	2.0	0.0	1.0	0.0	0.0	0.0	0.0	0.0	0.0	0.0	0.0	
0.0	0.0	0.0	0.0	0.0	0.0	0.0	0.0	0.0	-1.0	0.0	7.0	26.0	17.0	13.0	1.0	4.0	2.0	1.0	2.0	0.0	2.0	6.0	8.0	-1.0	-4.0	-3.0	1.0	1.0	2.0	-6.0	-4.0	-5.0	29.0	15.0	0.0	4.0	3.0	0.0	0.0	1.0	1.0	0.0	2.0	0.0	0.0	0.0	0.0	0.0	0.0	0.0	
0.0	0.0	0.0	0.0	0.0	0.0	0.0	0.0	0.0	0.0	0.0	7.0	15.0	15.0	13.0	4.0	6.0	6.0	4.0	4.0	-2.0	0.0	0.0	-2.0	-4.0	-2.0	0.0	0.0	0.0	1.0	-3.0	-2.0	1.0	25.0	21.0	17.0	12.0	15.0	15.0	10.0	-2.0	1.0	0.0	0.0	0.0	0.0	0.0	0.0	0.0	0.0	0.0	
0.0	0.0	0.0	0.0	0.0	0.0	0.0	0.0	2.0	2.0	-2.0	8.0	18.0	16.0	7.0	4.0	-7.0	8.0	14.0	-6.0	-34.0	-36.0	-26.0	-9.0	-8.0	-2.0	0.0	1.0	0.0	-1.0	-4.0	-13.0	-4.0	10.0	43.0	22.0	4.0	4.0	3.0	-5.0	-1.0	0.0	0.0	0.0	1.0	0.0	0.0	0.0	0.0	0.0	0.0	
0.0	0.0	0.0	0.0	0.0	0.0	0.0	2.0	2.0	-1.0	0.0	13.0	21.0	13.0	8.0	5.0	4.0	-14.0	-16.0	-17.0	-15.0	-39.0	-12.0	-33.0	-12.0	-6.0	-4.0	-4.0	1.0	-2.0	1.0	-20.0	-3.0	7.0	40.0	8.0	7.0	6.0	2.0	-6.0	2.0	3.0	0.0	1.0	3.0	2.0	2.0	1.0	2.0	0.0	0.0	
0.0	0.0	0.0	0.0	0.0	0.0	0.0	0.0	-1.0	1.0	2.0	11.0	17.0	11.0	5.0	3.0	-6.0	-12.0	-49.0	-57.0	53.0	-16.0	-116.0	-43.0	-11.0	-4.0	0.0	0.0	-3.0	0.0	11.0	0.0	-11.0	5.0	24.0	3.0	-2.0	3.0	6.0	7.0	10.0	10.0	10.0	10.0	2.0	2.0	2.0	2.0	1.0	1.0	0.0	
0.0	0.0	0.0	0.0	0.0	0.0	0.0	-2.0	-8.0	-4.0	3.0	16.0	20.0	8.0	-1.0	-8.0	-26.0	-41.0	-11.0	75.0	-210.0	-82.0	-19.0	-46.0	-32.0	-22.0	0.0	4.0	-2.0	-4.0	7.0	7.0	-15.0	3.0	36.0	45.0	-6.0	-7.0	13.0	2.0	6.0	6.0	6.0	6.0	0.0	1.0	1.0	0.0	0.0	0.0	0.0	
0.0	0.0	0.0	0.0	0.0	0.0	0.0	0.0	-3.0	0.0	10.0	21.0	20.0	2.0	-6.0	-14.0	-76.0	91.0	-132.0	-138.0	4.0	7.0	12.0	6.0	-36.0	-36.0	-38.0	10.0	2.0	1.0	-1.0	0.0	-13.0	5.0	20.0	39.0	0.0	-5.0	7.0	-9.0	-7.0	-6.0	-6.0	-4.0	0.0	-1.0	0.0	0.0	0.0	0.0	0.0	
0.0	0.0	0.0	0.0	0.0	0.0	0.0	0.0	2.0	8.0	12.0	16.0	-5.0	-25.0	-50.0	-7.0	20.0	-162.0	8.0	55.0	15.0	7.0	-9.0	-23.0	-39.0	-37.0	-28.0	-35.0	-4.0	5.0	3.0	-2.0	-16.0	3.0	-4.0	26.0	7.0	9.0	-2.0	-14.0	-11.0	-9.0	-7.0	-6.0	-1.0	-1.0	0.0	-2.0	0.0	0.0	0.0	
0.0	0.0	0.0	0.0	0.0	0.0	0.0	0.0	0.0	6.0	7.0	9.0	-17.0	-48.0	13.0	-79.0	-90.0	8.0	-18.0	-16.0	-13.0	-18.0	-28.0	-39.0	-55.0	-82.0	-67.0	-27.0	-21.0	1.0	11.0	13.0	4.0	-25.0	-9.0	14.0	27.0	8.0	-3.0	0.0	-1.0	-2.0	0.0	0.0	-2.0	0.0	-1.0	0.0	0.0	0.0	0.0	
0.0	0.0	0.0	0.0	0.0	0.0	0.0	0.0	-7.0	-2.0	-6.0	-11.0	-69.0	-31.0	-130.0	-52.0	-74.0	-12.0	-73.0	-38.0	-33.0	-32.0	-30.0	-23.0	-1.0	-9.0	-61.0	-83.0	-33.0	-12.0	12.0	23.0	14.0	-20.0	-7.0	9.0	25.0	5.0	-4.0	2.0	0.0	0.0	1.0	2.0	0.0	0.0	0.0	0.0	0.0	0.0	0.0	
0.0	0.0	0.0	0.0	0.0	0.0	0.0	0.0	0.0	-4.0	-30.0	-58.0	-58.0	-59.0	-47.0	-24.0	0.0	0.0	0.0	3.0	6.0	4.0	6.0	10.0	14.0	1.0	-14.0	-32.0	-69.0	-32.0	-13.0	3.0	7.0	-20.0	2.0	7.0	24.0	2.0	1.0	-6.0	0.0	0.0	0.0	0.0	0.0	0.0	0.0	0.0	0.0	0.0	0.0	
0.0	0.0	0.0	0.0	0.0	0.0	0.0	0.0	0.0	0.0	-7.0	-16.0	-23.0	-18.0	-2.0	0.0	0.0	1.0	-2.0	-3.0	-6.0	-4.0	-3.0	0.0	3.0	4.0	0.0	-18.0	-51.0	-72.0	-35.0	-17.0	11.0	-15.0	13.0	16.0	38.0	1.0	-1.0	0.0	0.0	0.0	0.0	0.0	0.0	0.0	0.0	0.0	0.0	0.0	0.0	
0.0	0.0	0.0	0.0	0.0	0.0	0.0	0.0	4.0	8.0	-1.0	-6.0	0.0	0.0	2.0	4.0	3.0	2.0	-2.0	-2.0	-2.0	-2.0	-6.0	-7.0	-13.0	-5.0	7.0	-4.0	-16.0	-56.0	-63.0	-40.0	-1.0	-5.0	-8.0	11.0	28.0	7.0	-10.0	0.0	0.0	0.0	0.0	0.0	0.0	0.0	0.0	0.0	0.0	0.0	0.0	
0.0	0.0	0.0	0.0	0.0	0.0	0.0	0.0	-3.0	-1.0	0.0	0.0	0.0	0.0	4.0	-2.0	-2.0	0.0	0.0	0.0	0.0	0.0	0.0	0.0	0.0	-2.0	-1.0	4.0	-8.0	-11.0	-64.0	-58.0	-37.0	3.0	-4.0	-14.0	7.0	15.0	2.0	1.0	0.0	0.0	0.0	0.0	0.0	0.0	0.0	0.0	0.0	0.0	0.0	
0.0	0.0	0.0	0.0	0.0	0.0	0.0	0.0	-4.0	-4.0	-2.0	0.0	0.0	0.0	-2.0	-8.0	-6.0	-2.0	0.0	0.0	0.0	0.0	0.0	0.0	0.0	0.0	-4.0	2.0	-2.0	-6.0	-22.0	-37.0	-78.0	7.0	-37.0	-50.0	0.0	-27.0	-12.0	-5.0	0.0	0.0	0.0	0.0	0.0	0.0	0.0	0.0	0.0	0.0	0.0	
0.0	0.0	0.0	0.0	0.0	0.0	0.0	0.0	0.0	0.0	0.0	0.0	0.0	0.0	0.0	0.0	0.0	0.0	0.0	0.0	0.0	0.0	0.0	0.0	0.0	0.0	0.0	0.0	-3.0	-2.0	-6.0	-9.0	-46.0	-56.0	-31.0	-63.0	-144.0	-55.0	-14.0	0.0	0.0	0.0	0.0	0.0	0.0	0.0	0.0	0.0	0.0	0.0	0.0	
0.0	0.0	0.0	0.0	0.0	0.0	0.0	0.0	0.0	0.0	0.0	0.0	0.0	0.0	0.0	0.0	0.0	0.0	0.0	0.0	0.0	0.0	0.0	0.0	0.0	0.0	2.0	0.0	0.0	-2.0	2.0	1.0	-19.0	-42.0	-74.0	-84.0	-11.0	-6.0	-3.0	0.0	0.0	0.0	0.0	0.0	0.0	0.0	0.0	0.0	0.0	0.0	0.0	
}
Norm = 1504973