Diag coefs blue

Size: 51x51
{
0.0	0.0	0.0	0.0	0.0	0.0	0.0	0.0	0.0	0.0	0.0	0.0	0.0	0.0	0.0	0.0	0.0	3.0	1.0	0.0	-3.0	-6.0	6.0	11.0	-10.0	-13.0	0.0	11.0	4.0	-1.0	3.0	0.0	-4.0	0.0	0.0	0.0	0.0	0.0	0.0	0.0	0.0	0.0	0.0	0.0	0.0	0.0	0.0	0.0	0.0	0.0	0.0	
0.0	0.0	0.0	0.0	0.0	0.0	0.0	0.0	0.0	0.0	0.0	0.0	0.0	0.0	0.0	2.0	3.0	0.0	1.0	1.0	14.0	16.0	15.0	52.0	68.0	65.0	1.0	2.0	2.0	0.0	3.0	0.0	-4.0	0.0	0.0	0.0	0.0	0.0	0.0	0.0	0.0	0.0	0.0	0.0	0.0	0.0	0.0	0.0	0.0	0.0	0.0	
0.0	0.0	0.0	0.0	0.0	0.0	0.0	0.0	0.0	0.0	0.0	0.0	0.0	0.0	0.0	4.0	0.0	-3.0	-2.0	3.0	17.0	6.0	-72.0	16.0	30.0	135.0	25.0	2.0	-3.0	0.0	1.0	2.0	-5.0	0.0	0.0	0.0	0.0	0.0	0.0	0.0	0.0	0.0	0.0	0.0	0.0	0.0	0.0	0.0	0.0	0.0	0.0	
0.0	0.0	0.0	0.0	0.0	0.0	0.0	0.0	0.0	0.0	0.0	0.0	0.0	0.0	0.0	4.0	-1.0	1.0	0.0	6.0	-26.0	7.0	-77.0	-6.0	22.0	120.0	36.0	0.0	0.0	0.0	0.0	2.0	-5.0	0.0	0.0	0.0	0.0	0.0	0.0	0.0	0.0	0.0	0.0	0.0	0.0	0.0	0.0	0.0	0.0	0.0	0.0	
0.0	0.0	0.0	0.0	0.0	0.0	0.0	0.0	0.0	0.0	0.0	0.0	0.0	0.0	0.0	2.0	0.0	0.0	0.0	7.0	-26.0	-3.0	-24.0	-26.0	-3.0	49.0	54.0	0.0	1.0	0.0	0.0	-5.0	-4.0	0.0	0.0	0.0	0.0	0.0	0.0	0.0	0.0	0.0	0.0	0.0	0.0	0.0	0.0	0.0	0.0	0.0	0.0	
0.0	0.0	0.0	0.0	0.0	0.0	0.0	0.0	0.0	0.0	0.0	0.0	0.0	0.0	0.0	0.0	-2.0	0.0	0.0	-9.0	-6.0	-4.0	3.0	-42.0	-17.0	14.0	96.0	-12.0	-2.0	10.0	0.0	-7.0	-2.0	0.0	0.0	0.0	0.0	0.0	0.0	0.0	0.0	0.0	0.0	0.0	0.0	0.0	0.0	0.0	0.0	0.0	0.0	
0.0	0.0	0.0	0.0	0.0	0.0	0.0	0.0	0.0	0.0	0.0	0.0	0.0	0.0	0.0	0.0	-2.0	0.0	9.0	-13.0	3.0	-5.0	12.0	-36.0	-19.0	-23.0	115.0	-25.0	-3.0	13.0	0.0	-5.0	-2.0	0.0	0.0	0.0	0.0	0.0	0.0	0.0	0.0	0.0	0.0	0.0	0.0	0.0	0.0	0.0	0.0	0.0	0.0	
0.0	0.0	0.0	0.0	2.0	2.0	2.0	2.0	2.0	2.0	2.0	0.0	0.0	0.0	0.0	-2.0	0.0	0.0	-10.0	-17.0	-2.0	0.0	7.0	-21.0	18.0	-11.0	-44.0	29.0	4.0	5.0	0.0	-3.0	0.0	0.0	0.0	0.0	0.0	0.0	0.0	0.0	0.0	0.0	0.0	0.0	0.0	0.0	0.0	0.0	0.0	0.0	0.0	
0.0	0.0	0.0	0.0	2.0	1.0	0.0	0.0	0.0	0.0	0.0	2.0	0.0	0.0	0.0	0.0	0.0	3.0	-12.0	-41.0	-16.0	-1.0	12.0	0.0	-15.0	-2.0	7.0	70.0	5.0	-6.0	-3.0	0.0	0.0	0.0	0.0	0.0	0.0	0.0	0.0	0.0	0.0	0.0	0.0	0.0	0.0	0.0	0.0	0.0	0.0	0.0	0.0	
0.0	0.0	0.0	-2.0	-2.0	-4.0	-4.0	-4.0	-4.0	-4.0	-2.0	-2.0	0.0	0.0	0.0	-1.0	0.0	3.0	-15.0	-34.0	19.0	4.0	-8.0	-2.0	-25.0	0.0	-18.0	103.0	22.0	0.0	1.0	0.0	0.0	0.0	0.0	0.0	0.0	0.0	0.0	0.0	0.0	0.0	0.0	0.0	0.0	0.0	0.0	0.0	0.0	0.0	0.0	
0.0	0.0	0.0	0.0	0.0	0.0	0.0	0.0	0.0	0.0	0.0	0.0	0.0	0.0	0.0	-1.0	0.0	7.0	-22.0	-22.0	-15.0	3.0	-8.0	-4.0	-26.0	13.0	26.0	93.0	33.0	0.0	0.0	5.0	-4.0	0.0	0.0	0.0	0.0	0.0	0.0	0.0	0.0	0.0	0.0	0.0	0.0	0.0	0.0	0.0	0.0	0.0	0.0	
0.0	0.0	0.0	0.0	0.0	0.0	0.0	0.0	0.0	0.0	0.0	0.0	0.0	0.0	0.0	-3.0	0.0	-8.0	-30.0	-16.0	11.0	-3.0	5.0	3.0	-22.0	-23.0	14.0	40.0	42.0	0.0	0.0	-1.0	-4.0	0.0	0.0	0.0	0.0	0.0	0.0	0.0	0.0	0.0	0.0	0.0	0.0	0.0	0.0	0.0	0.0	0.0	0.0	
0.0	0.0	0.0	1.0	0.0	0.0	0.0	0.0	0.0	0.0	2.0	3.0	2.0	0.0	0.0	-2.0	4.0	-14.0	-34.0	-8.0	7.0	0.0	3.0	4.0	-24.0	-27.0	-10.0	21.0	92.0	0.0	0.0	8.0	-4.0	0.0	0.0	0.0	0.0	0.0	0.0	0.0	0.0	0.0	0.0	0.0	0.0	0.0	0.0	0.0	0.0	0.0	0.0	
0.0	0.0	0.0	0.0	0.0	3.0	2.0	5.0	2.0	0.0	-1.0	-2.0	4.0	0.0	0.0	0.0	5.0	-11.0	-17.0	-2.0	3.0	3.0	1.0	0.0	-24.0	-46.0	11.0	12.0	114.0	19.0	0.0	-5.0	-2.0	0.0	0.0	0.0	0.0	0.0	0.0	0.0	0.0	0.0	0.0	0.0	0.0	0.0	0.0	0.0	0.0	0.0	0.0	
0.0	0.0	2.0	0.0	3.0	3.0	2.0	0.0	4.0	3.0	4.0	6.0	3.0	0.0	0.0	0.0	-3.0	-19.0	-10.0	-7.0	-3.0	4.0	4.0	-2.0	3.0	-48.0	-23.0	11.0	94.0	31.0	0.0	5.0	0.0	0.0	0.0	0.0	0.0	0.0	0.0	0.0	0.0	0.0	0.0	0.0	0.0	0.0	0.0	0.0	0.0	0.0	0.0	
0.0	1.0	0.0	4.0	11.0	18.0	36.0	49.0	52.0	48.0	39.0	33.0	22.0	21.0	16.0	16.0	6.0	-34.0	-19.0	-18.0	-3.0	4.0	4.0	-4.0	-12.0	-29.0	-24.0	0.0	-26.0	54.0	0.0	7.0	0.0	0.0	0.0	0.0	0.0	0.0	0.0	0.0	0.0	0.0	0.0	0.0	0.0	0.0	0.0	0.0	0.0	0.0	0.0	
4.0	1.0	1.0	5.0	-12.0	-19.0	-29.0	-24.0	-14.0	-14.0	-5.0	7.0	46.0	72.0	86.0	73.0	46.0	3.0	0.0	3.0	-6.0	1.0	2.0	-5.0	3.0	4.0	-69.0	0.0	-8.0	-71.0	19.0	0.0	0.0	0.0	2.0	0.0	2.0	2.0	2.0	2.0	0.0	0.0	0.0	0.0	0.0	0.0	2.0	2.0	0.0	0.0	0.0	
-3.0	0.0	-2.0	-7.0	-11.0	8.0	-7.0	0.0	12.0	1.0	2.0	-11.0	-22.0	-44.0	-57.0	-37.0	-9.0	25.0	-17.0	2.0	-2.0	1.0	1.0	2.0	2.0	-6.0	-77.0	13.0	28.0	115.0	-17.0	2.0	3.0	0.0	0.0	0.0	0.0	-2.0	-3.0	-1.0	2.0	4.0	4.0	4.0	4.0	5.0	3.0	3.0	-3.0	0.0	0.0	
-2.0	-1.0	-2.0	-6.0	-10.0	11.0	-10.0	-9.0	-9.0	-9.0	-4.0	2.0	7.0	17.0	13.0	5.0	10.0	11.0	1.0	-8.0	-1.0	1.0	1.0	-2.0	4.0	-6.0	-64.0	17.0	23.0	97.0	32.0	16.0	-3.0	0.0	3.0	-4.0	0.0	0.0	0.0	0.0	-3.0	-5.0	-2.0	1.0	-1.0	-3.0	-6.0	-4.0	0.0	0.0	0.0	
-1.0	0.0	1.0	-5.0	-12.0	-14.0	-8.0	-9.0	9.0	-4.0	1.0	7.0	5.0	11.0	13.0	1.0	2.0	9.0	-1.0	-14.0	0.0	1.0	3.0	4.0	-3.0	-12.0	-37.0	-63.0	-9.0	54.0	112.0	136.0	106.0	83.0	51.0	22.0	19.0	19.0	13.0	8.0	0.0	2.0	6.0	4.0	2.0	0.0	0.0	0.0	3.0	0.0	0.0	
0.0	0.0	-2.0	-4.0	-5.0	-12.0	-18.0	-16.0	-14.0	8.0	-3.0	1.0	1.0	5.0	7.0	7.0	3.0	0.0	-2.0	0.0	-2.0	-1.0	4.0	-1.0	-1.0	5.0	5.0	6.0	-41.0	-73.0	-80.0	-62.0	-19.0	5.0	50.0	86.0	89.0	97.0	86.0	75.0	39.0	26.0	22.0	21.0	8.0	16.0	0.0	0.0	2.0	0.0	0.0	
0.0	0.0	0.0	0.0	-6.0	-7.0	-12.0	-25.0	-22.0	-15.0	-14.0	7.0	-6.0	-2.0	0.0	2.0	2.0	-2.0	0.0	0.0	0.0	4.0	7.0	1.0	3.0	7.0	10.0	10.0	17.0	33.0	31.0	19.0	3.0	-18.0	-41.0	-48.0	-47.0	-27.0	-5.0	14.0	28.0	55.0	76.0	95.0	67.0	36.0	20.0	2.0	0.0	0.0	0.0	
0.0	0.0	0.0	0.0	-1.0	-3.0	-5.0	-22.0	-26.0	-23.0	-22.0	-15.0	-9.0	-7.0	-4.0	-4.0	-1.0	-2.0	-1.0	0.0	-1.0	-1.0	2.0	2.0	3.0	3.0	5.0	9.0	16.0	4.0	5.0	12.0	16.0	21.0	24.0	23.0	27.0	12.0	4.0	1.0	-25.0	-23.0	36.0	54.0	53.0	-52.0	7.0	1.0	0.0	0.0	0.0	
0.0	0.0	0.0	0.0	0.0	-2.0	2.0	-9.0	-23.0	-29.0	-30.0	-21.0	-7.0	1.0	-4.0	-4.0	-2.0	0.0	0.0	0.0	4.0	-3.0	-2.0	1.0	4.0	2.0	-1.0	0.0	7.0	9.0	3.0	-4.0	-2.0	2.0	4.0	10.0	18.0	19.0	6.0	-8.0	25.0	17.0	-42.0	-11.0	5.0	20.0	10.0	0.0	2.0	0.0	0.0	
0.0	0.0	0.0	0.0	0.0	0.0	0.0	-2.0	-9.0	-26.0	-32.0	-31.0	-15.0	0.0	6.0	0.0	0.0	2.0	3.0	0.0	-1.0	-2.0	-2.0	-1.0	1.0	2.0	-1.0	0.0	2.0	-1.0	-4.0	4.0	2.0	0.0	3.0	5.0	-2.0	0.0	15.0	-1.0	-31.0	-1.0	5.0	-22.0	-6.0	-1.0	-1.0	1.0	0.0	0.0	0.0	
0.0	0.0	0.0	0.0	0.0	0.0	0.0	0.0	-1.0	-4.0	-33.0	-31.0	-26.0	-10.0	-1.0	1.0	2.0	1.0	3.0	3.0	4.0	1.0	1.0	4.0	0.0	3.0	2.0	4.0	5.0	6.0	4.0	4.0	0.0	1.0	4.0	3.0	-2.0	0.0	-2.0	4.0	8.0	-77.0	-28.0	-24.0	1.0	-2.0	0.0	0.0	1.0	-1.0	-1.0	
0.0	0.0	0.0	0.0	0.0	0.0	0.0	2.0	-4.0	-2.0	-14.0	-38.0	-31.0	-23.0	-2.0	1.0	1.0	4.0	2.0	4.0	3.0	3.0	5.0	5.0	5.0	5.0	6.0	7.0	5.0	4.0	3.0	7.0	7.0	-1.0	-4.0	-8.0	-10.0	-3.0	18.0	4.0	-27.0	-15.0	-2.0	-18.0	-1.0	0.0	0.0	0.0	-1.0	-1.0	-1.0	
0.0	0.0	0.0	0.0	0.0	0.0	0.0	2.0	0.0	-4.0	0.0	-18.0	-28.0	-27.0	-16.0	-2.0	0.0	2.0	3.0	3.0	0.0	0.0	1.0	4.0	5.0	2.0	1.0	3.0	3.0	2.0	1.0	0.0	6.0	-8.0	-1.0	-8.0	-19.0	55.0	-78.0	-33.0	4.0	-4.0	-4.0	-4.0	0.0	0.0	0.0	2.0	0.0	0.0	0.0	
0.0	0.0	0.0	0.0	0.0	0.0	0.0	2.0	-2.0	-1.0	0.0	0.0	-19.0	-34.0	-5.0	-6.0	4.0	1.0	-1.0	4.0	2.0	2.0	-1.0	6.0	2.0	1.0	4.0	2.0	-18.0	-9.0	-12.0	-8.0	-21.0	-2.0	-10.0	26.0	-28.0	-38.0	-13.0	-12.0	0.0	0.0	0.0	0.0	0.0	4.0	2.0	2.0	-2.0	0.0	0.0	
0.0	0.0	0.0	0.0	0.0	0.0	0.0	0.0	-1.0	0.0	0.0	0.0	8.0	-25.0	0.0	4.0	9.0	6.0	3.0	4.0	3.0	3.0	1.0	3.0	1.0	-2.0	-1.0	0.0	1.0	2.0	-2.0	-8.0	-29.0	-4.0	5.0	-15.0	-32.0	3.0	1.0	0.0	0.0	0.0	1.0	-1.0	2.0	1.0	-4.0	0.0	-2.0	0.0	0.0	
0.0	0.0	0.0	0.0	0.0	0.0	0.0	0.0	0.0	3.0	5.0	5.0	-4.0	-34.0	-13.0	4.0	4.0	2.0	1.0	-1.0	0.0	-1.0	0.0	0.0	-1.0	3.0	-1.0	-2.0	0.0	-3.0	1.0	-6.0	56.0	-24.0	-24.0	-11.0	-13.0	5.0	12.0	5.0	1.0	1.0	0.0	-1.0	-2.0	-2.0	-2.0	0.0	0.0	0.0	0.0	
0.0	0.0	0.0	0.0	0.0	0.0	0.0	0.0	0.0	2.0	-2.0	2.0	-8.0	-55.0	-33.0	-3.0	3.0	0.0	-1.0	1.0	-1.0	-3.0	-1.0	-3.0	-4.0	2.0	0.0	-2.0	4.0	2.0	0.0	23.0	-51.0	25.0	-24.0	3.0	0.0	-9.0	-3.0	2.0	-3.0	-2.0	0.0	0.0	0.0	0.0	0.0	0.0	0.0	0.0	0.0	
0.0	0.0	0.0	0.0	0.0	1.0	1.0	0.0	2.0	0.0	-1.0	3.0	14.0	26.0	30.0	13.0	1.0	-2.0	2.0	0.0	-3.0	-4.0	0.0	1.0	4.0	1.0	-1.0	-1.0	-2.0	3.0	24.0	3.0	11.0	99.0	-19.0	1.0	5.0	-5.0	0.0	-6.0	2.0	-1.0	0.0	0.0	0.0	0.0	0.0	0.0	0.0	0.0	0.0	
0.0	0.0	0.0	0.0	0.0	1.0	1.0	2.0	2.0	0.0	0.0	6.0	-6.0	-5.0	-2.0	-4.0	-2.0	2.0	-4.0	2.0	-3.0	-2.0	3.0	1.0	-5.0	-4.0	0.0	1.0	-7.0	-3.0	10.0	9.0	-12.0	129.0	35.0	0.0	-5.0	-2.0	0.0	-6.0	5.0	0.0	0.0	0.0	0.0	0.0	0.0	0.0	0.0	0.0	0.0	
0.0	0.0	0.0	0.0	0.0	1.0	1.0	2.0	0.0	-3.0	0.0	-5.0	-21.0	-18.0	-6.0	14.0	1.0	-2.0	1.0	-1.0	-1.0	2.0	4.0	5.0	-1.0	-4.0	0.0	-1.0	-10.0	-9.0	-7.0	14.0	-3.0	-59.0	30.0	0.0	1.0	-5.0	0.0	6.0	-5.0	1.0	0.0	1.0	0.0	0.0	0.0	0.0	0.0	0.0	0.0	
0.0	0.0	0.0	0.0	0.0	1.0	1.0	2.0	0.0	-1.0	1.0	-9.0	-37.0	-22.0	2.0	9.0	4.0	2.0	0.0	1.0	-2.0	0.0	0.0	-3.0	-2.0	3.0	2.0	0.0	-13.0	-10.0	-12.0	15.0	2.0	44.0	56.0	14.0	5.0	15.0	5.0	2.0	-2.0	0.0	-1.0	0.0	0.0	0.0	0.0	0.0	0.0	0.0	0.0	
0.0	0.0	0.0	0.0	0.0	0.0	0.0	2.0	-3.0	1.0	0.0	-13.0	-29.0	-16.0	-8.0	4.0	-6.0	6.0	11.0	-5.0	-8.0	-28.0	-1.0	-14.0	-3.0	0.0	1.0	1.0	-5.0	-22.0	-14.0	-55.0	-5.0	-10.0	110.0	19.0	5.0	8.0	1.0	0.0	-4.0	-2.0	0.0	0.0	0.0	0.0	0.0	0.0	0.0	0.0	0.0	
0.0	0.0	0.0	0.0	0.0	0.0	0.0	4.0	-4.0	-1.0	2.0	-21.0	-29.0	-13.0	-4.0	5.0	0.0	-5.0	-2.0	0.0	10.0	-27.0	5.0	-31.0	-14.0	-5.0	-5.0	-2.0	0.0	-5.0	-1.0	-41.0	-1.0	6.0	97.0	19.0	9.0	9.0	-4.0	0.0	-2.0	4.0	0.0	1.0	1.0	1.0	1.0	0.0	1.0	0.0	0.0	
0.0	0.0	0.0	0.0	0.0	0.0	0.0	4.0	0.0	-2.0	4.0	-30.0	-29.0	-10.0	-4.0	-5.0	-2.0	3.0	-11.0	-20.0	4.0	-51.0	-28.0	-54.0	-23.0	-6.0	3.0	0.0	-2.0	0.0	9.0	-8.0	20.0	-1.0	70.0	-33.0	4.0	-2.0	7.0	6.0	7.0	8.0	5.0	4.0	1.0	1.0	2.0	1.0	0.0	1.0	0.0	
0.0	0.0	0.0	0.0	0.0	0.0	0.0	2.0	-4.0	1.0	7.0	-34.0	-26.0	-7.0	4.0	3.0	-16.0	-1.0	4.0	23.0	-56.0	-19.0	-7.0	-65.0	-39.0	-18.0	8.0	1.0	-7.0	-7.0	16.0	-29.0	-48.0	3.0	50.0	62.0	5.0	-2.0	8.0	-6.0	5.0	6.0	3.0	2.0	0.0	0.0	1.0	0.0	0.0	0.0	-1.0	
0.0	0.0	0.0	0.0	0.0	0.0	0.0	0.0	3.0	0.0	-5.0	-42.0	8.0	25.0	-29.0	8.0	-10.0	65.0	-107.0	-25.0	2.0	-6.0	-7.0	-13.0	-36.0	-35.0	-33.0	0.0	6.0	-7.0	-4.0	-12.0	-59.0	-1.0	26.0	104.0	-24.0	-8.0	2.0	5.0	-5.0	-1.0	-1.0	-1.0	0.0	0.0	-1.0	0.0	0.0	0.0	0.0	
0.0	0.0	0.0	0.0	0.0	0.0	0.0	0.0	3.0	-2.0	-11.0	-41.0	10.0	-6.0	-12.0	6.0	-25.0	-31.0	-3.0	36.0	7.0	-3.0	-13.0	-16.0	-36.0	-32.0	-30.0	-37.0	0.0	8.0	-10.0	8.0	-44.0	0.0	12.0	102.0	25.0	-3.0	-8.0	7.0	-7.0	-3.0	-2.0	-2.0	0.0	-1.0	0.0	-1.0	0.0	0.0	0.0	
0.0	0.0	0.0	0.0	0.0	0.0	0.0	2.0	0.0	-9.0	-19.0	-35.0	-20.0	-8.0	24.0	-70.0	-7.0	-12.0	-1.0	7.0	-4.0	-11.0	-15.0	-20.0	-25.0	-58.0	-64.0	-37.0	-22.0	2.0	15.0	13.0	-3.0	-27.0	8.0	-49.0	36.0	2.0	9.0	-13.0	-1.0	-1.0	0.0	0.0	-1.0	0.0	0.0	0.0	0.0	0.0	0.0	
0.0	0.0	0.0	0.0	0.0	0.0	0.0	0.0	-4.0	-15.0	-29.0	-38.0	-14.0	-36.0	-39.0	-8.0	-26.0	-9.0	-29.0	-33.0	-17.0	-14.0	-14.0	-10.0	-1.0	-7.0	-59.0	-78.0	-38.0	-15.0	10.0	18.0	31.0	-45.0	4.0	-12.0	42.0	-12.0	10.0	-9.0	0.0	0.0	1.0	1.0	0.0	-1.0	0.0	0.0	0.0	0.0	0.0	
0.0	0.0	0.0	0.0	0.0	0.0	0.0	0.0	0.0	7.0	-28.0	-37.0	-28.0	-20.0	-12.0	-7.0	0.0	0.0	2.0	0.0	3.0	3.0	2.0	6.0	9.0	0.0	-16.0	-36.0	-71.0	-36.0	-16.0	-5.0	-20.0	-65.0	5.0	-12.0	66.0	15.0	-17.0	0.0	0.0	0.0	0.0	0.0	0.0	0.0	0.0	0.0	0.0	0.0	0.0	
0.0	0.0	0.0	0.0	0.0	0.0	0.0	0.0	0.0	0.0	-7.0	-9.0	-12.0	-7.0	0.0	0.0	0.0	1.0	-3.0	-2.0	-3.0	-1.0	-1.0	3.0	2.0	8.0	0.0	-21.0	-57.0	-76.0	-32.0	-17.0	30.0	17.0	6.0	10.0	82.0	-20.0	-23.0	0.0	0.0	0.0	0.0	0.0	0.0	0.0	0.0	0.0	0.0	0.0	0.0	
0.0	0.0	0.0	0.0	0.0	0.0	0.0	0.0	3.0	3.0	-2.0	-2.0	0.0	0.0	3.0	-1.0	1.0	3.0	-1.0	-1.0	-1.0	-1.0	-3.0	-6.0	-8.0	-1.0	5.0	-5.0	-20.0	-55.0	-70.0	-33.0	-10.0	-10.0	25.0	4.0	66.0	-39.0	21.0	0.0	0.0	0.0	0.0	0.0	0.0	0.0	0.0	0.0	0.0	0.0	0.0	
0.0	0.0	0.0	0.0	0.0	0.0	0.0	2.0	-3.0	0.0	-3.0	0.0	0.0	0.0	-4.0	-2.0	-4.0	-2.0	0.0	0.0	0.0	0.0	0.0	0.0	0.0	2.0	0.0	4.0	2.0	-20.0	-57.0	-71.0	-12.0	-13.0	54.0	3.0	-23.0	61.0	22.0	0.0	0.0	0.0	0.0	0.0	0.0	0.0	0.0	0.0	0.0	0.0	0.0	
0.0	0.0	0.0	0.0	0.0	0.0	0.0	0.0	-2.0	-2.0	0.0	0.0	0.0	0.0	-2.0	-4.0	-2.0	0.0	0.0	0.0	0.0	0.0	0.0	0.0	0.0	0.0	-3.0	2.0	3.0	-7.0	-14.0	-36.0	-75.0	-4.0	-81.0	-12.0	-19.0	57.0	11.0	1.0	0.0	0.0	0.0	0.0	0.0	0.0	0.0	0.0	0.0	0.0	0.0	
0.0	0.0	0.0	0.0	0.0	0.0	0.0	0.0	0.0	0.0	0.0	0.0	0.0	0.0	0.0	0.0	0.0	0.0	0.0	0.0	0.0	0.0	0.0	0.0	0.0	0.0	1.0	2.0	-3.0	-3.0	-2.0	-14.0	-49.0	-44.0	-69.0	-14.0	-30.0	-6.0	5.0	0.0	0.0	0.0	0.0	0.0	0.0	0.0	0.0	0.0	0.0	0.0	0.0	
0.0	0.0	0.0	0.0	0.0	0.0	0.0	0.0	0.0	0.0	0.0	0.0	0.0	0.0	0.0	0.0	0.0	0.0	0.0	0.0	0.0	0.0	0.0	0.0	0.0	0.0	3.0	2.0	0.0	-2.0	1.0	2.0	-18.0	-58.0	-53.0	-4.0	11.0	2.0	-2.0	0.0	0.0	0.0	0.0	0.0	0.0	0.0	0.0	0.0	0.0	0.0	0.0	
}
Norm = 872378