Average coefs blue

Size: 66x88
{
161.0	162.25	161.5	160.5	163.75	165.0	164.0	164.0	166.5	169.0	159.0	157.75	164.75	164.0	165.75	154.25	157.0	166.25	164.25	159.75	155.5	160.75	147.75	150.5	144.0	142.0	140.0	147.0	146.0	147.0	149.5	148.75	146.0	151.0	158.25	155.5	160.0	161.25	160.75	159.25	160.25	162.0	166.0	172.75	174.5	170.75	158.0	165.0	171.5	171.5	165.75	165.5	172.25	171.5	165.0	165.25	168.5	173.0	167.0	161.25	161.25	158.0	158.25	158.75	160.5	161.5	
157.75	157.5	157.25	161.0	161.5	163.0	162.25	163.25	165.5	165.75	158.25	158.75	162.75	162.25	161.25	148.0	152.25	163.0	157.5	157.25	154.75	159.25	152.75	147.25	146.0	142.25	140.75	141.75	148.0	149.5	150.75	151.0	145.5	150.25	151.25	153.5	161.0	163.25	159.5	161.25	161.25	161.5	167.75	171.75	172.0	167.5	167.0	168.5	168.25	167.25	166.5	163.0	171.5	168.5	162.0	162.75	166.75	171.5	169.0	165.0	163.75	158.25	158.75	156.75	156.75	162.25	
156.5	157.25	158.75	162.5	160.5	161.5	160.5	162.5	163.5	162.5	158.5	160.5	162.0	157.5	154.75	148.75	154.0	157.75	150.25	151.0	157.25	158.25	156.5	145.0	144.5	142.0	143.25	143.0	152.75	152.75	152.75	152.25	149.75	151.0	152.0	158.75	162.0	163.25	156.75	158.5	162.0	162.5	167.5	166.75	165.5	166.0	170.25	170.25	162.5	162.75	165.75	164.5	171.5	166.5	161.0	162.75	167.5	170.75	169.75	166.25	163.0	160.75	161.75	159.0	154.0	156.0	
152.5	158.0	160.25	159.75	159.5	159.75	160.25	161.5	163.0	162.0	158.75	159.5	159.5	155.0	153.25	152.0	155.25	155.5	155.0	153.0	153.5	157.25	153.5	147.25	146.5	143.25	145.25	147.25	158.5	157.5	154.0	155.0	156.0	155.0	158.75	163.5	163.75	161.5	153.5	153.0	158.25	161.5	164.0	161.0	165.5	165.75	168.0	167.0	161.25	164.25	169.0	166.5	166.0	163.5	161.5	165.75	168.25	168.0	165.25	162.0	165.25	171.75	168.25	158.25	152.5	158.5	
150.25	155.0	156.25	157.0	156.75	156.5	160.0	160.0	161.25	158.75	157.0	156.25	157.0	151.25	148.5	146.5	149.0	157.0	159.0	148.0	150.0	155.5	153.0	155.25	148.5	141.0	142.25	153.25	163.0	161.5	154.0	151.25	154.5	152.25	157.25	164.75	164.0	158.25	151.25	152.75	155.0	158.25	159.25	160.75	162.0	162.75	164.5	160.25	161.5	167.75	166.5	165.0	159.5	157.0	158.5	159.5	162.5	162.0	159.75	161.25	168.0	174.75	167.0	157.0	150.25	161.25	
148.5	155.75	156.5	155.75	155.75	155.5	160.25	162.5	156.25	154.25	154.75	154.5	149.0	145.0	139.75	147.0	144.25	148.5	148.75	149.25	149.0	148.0	153.5	151.75	141.75	137.25	142.25	154.25	162.75	160.75	154.0	148.0	151.25	150.75	154.5	160.25	157.5	157.5	156.5	159.25	154.5	155.75	157.5	159.5	159.75	160.5	162.0	161.0	162.25	165.0	164.25	162.5	160.0	153.5	154.0	159.5	162.75	162.0	159.75	162.75	167.75	172.75	163.5	162.5	159.0	163.75	
147.25	154.75	153.0	152.75	150.0	149.75	156.25	158.0	157.25	153.5	152.5	152.25	149.5	140.5	136.5	144.75	140.5	134.25	137.0	148.5	146.5	146.25	151.0	148.25	141.5	138.0	141.0	146.0	152.5	156.25	155.0	149.0	149.75	152.0	154.75	154.5	154.75	155.0	156.75	160.25	159.5	158.25	157.75	159.25	160.0	158.0	161.0	160.25	162.0	163.25	162.25	162.0	157.75	158.0	158.75	161.0	163.0	162.5	160.0	166.0	167.75	169.0	162.75	166.25	161.75	160.5	
146.75	149.75	150.75	150.75	147.75	147.75	153.0	151.5	154.0	152.0	149.0	150.25	148.25	134.25	139.5	142.0	137.25	136.5	136.5	146.75	144.0	146.25	149.75	140.75	143.75	142.0	147.0	146.0	147.75	148.75	152.75	153.0	150.75	149.5	150.25	148.75	149.25	154.75	156.75	157.75	158.25	154.75	161.75	159.0	156.5	156.75	158.5	159.5	162.75	161.25	159.5	160.0	157.0	159.75	157.5	156.0	161.25	161.5	159.0	166.75	174.75	177.5	166.75	172.0	165.0	161.75	
149.0	149.0	147.75	149.5	149.75	148.0	150.75	150.75	150.75	147.25	145.5	153.5	142.5	128.75	140.25	140.25	134.75	132.5	135.0	138.5	142.0	139.5	140.0	143.75	142.25	134.75	151.25	146.25	129.25	104.0	102.25	93.75	104.25	110.5	108.75	115.0	120.0	129.75	141.0	147.75	148.25	145.25	158.75	165.75	158.5	154.0	157.25	157.0	156.25	157.75	157.0	155.5	156.25	157.5	158.25	161.5	160.5	160.75	162.5	166.75	172.5	178.0	173.0	165.0	164.5	164.5	
145.5	144.5	145.25	148.75	149.25	147.0	145.5	146.25	143.25	142.25	144.75	148.0	140.5	130.75	135.75	140.25	141.25	135.5	131.25	129.75	134.25	131.75	133.0	140.75	136.25	140.25	109.5	69.0	53.25	68.0	72.25	66.75	89.25	96.5	101.5	93.75	89.75	87.75	73.25	82.0	94.75	126.75	155.5	153.5	152.25	151.75	155.25	161.25	152.75	155.5	156.5	156.25	154.0	153.25	154.75	157.75	158.5	159.5	163.75	164.25	165.0	173.75	172.25	168.5	168.0	169.75	
145.75	143.75	144.5	147.0	151.5	148.25	149.75	147.0	142.25	144.25	144.0	145.5	138.25	132.5	135.25	133.0	133.5	121.5	120.0	124.5	132.75	138.25	137.0	131.25	112.25	77.0	47.5	58.0	81.0	78.25	75.5	81.5	76.25	87.75	98.5	102.5	97.0	92.0	103.75	93.75	80.5	83.75	101.25	130.75	160.0	165.75	162.0	151.75	149.25	153.5	154.25	152.0	151.5	151.0	150.5	155.25	155.5	156.25	161.25	160.25	161.0	169.0	173.25	172.0	168.75	169.75	
143.25	142.0	144.25	145.25	152.25	151.75	150.0	146.25	145.75	137.75	136.25	139.25	138.5	134.25	135.75	133.75	136.0	125.75	124.5	125.0	133.0	135.25	120.5	80.0	26.75	40.25	54.25	72.25	82.5	95.5	97.5	88.0	95.5	78.75	76.0	91.5	93.25	86.5	86.75	88.5	96.5	86.0	88.0	101.75	118.0	142.25	162.0	160.0	158.25	158.25	154.5	149.5	152.75	155.25	151.75	157.25	156.5	155.0	157.5	157.0	156.75	162.5	169.75	172.25	174.5	172.0	
141.25	140.0	142.5	142.5	149.75	150.75	146.75	141.0	135.0	130.75	130.5	138.0	139.75	135.75	136.5	136.25	135.25	135.75	123.5	133.0	131.75	91.75	43.75	28.75	40.25	58.25	70.75	78.0	88.0	91.75	99.0	102.25	98.75	96.5	92.5	77.0	80.5	89.75	83.25	76.75	79.5	77.75	94.25	85.0	90.25	112.75	142.25	154.5	158.0	156.5	165.5	159.25	141.75	149.0	161.0	151.25	155.5	155.75	156.25	154.75	152.75	155.25	166.0	172.5	170.0	168.75	
141.0	138.0	136.25	138.75	151.25	153.25	146.75	136.0	128.5	134.25	136.5	140.0	137.25	139.0	140.75	142.5	147.0	122.75	108.5	95.0	43.5	4.0	11.75	14.75	35.0	53.75	69.75	88.0	94.0	90.5	90.0	96.5	105.25	109.75	108.0	103.25	93.5	81.0	86.75	86.0	68.5	74.75	73.5	102.75	88.25	81.5	102.0	140.0	163.5	150.25	140.75	148.0	149.5	151.0	154.25	153.75	156.75	154.0	153.75	156.0	152.5	151.25	156.75	166.0	169.0	167.5	
139.0	141.5	139.75	142.5	144.5	146.75	143.25	136.0	130.5	136.25	141.5	147.25	138.0	142.25	142.5	137.75	139.0	129.5	65.75	17.0	22.5	11.75	6.0	18.5	39.25	57.0	63.25	67.75	87.75	86.5	96.75	88.25	89.25	95.0	113.5	114.0	110.75	106.75	92.25	91.5	102.25	71.25	63.25	75.5	86.5	87.0	106.0	99.75	137.25	160.5	158.75	151.5	157.0	154.75	145.25	145.75	151.5	151.75	151.25	152.25	150.5	152.0	153.25	156.75	162.25	165.25	
140.75	143.0	143.25	142.0	137.0	140.75	142.0	135.75	131.25	132.25	139.75	146.0	139.5	145.25	148.25	142.5	142.5	82.75	25.25	16.25	3.5	0.0	15.25	22.5	36.5	51.75	58.5	73.25	69.5	88.25	76.5	82.5	87.5	94.25	90.5	102.75	113.5	107.25	106.0	94.75	96.25	97.5	81.0	90.0	89.75	102.25	99.5	91.75	106.5	142.0	163.25	140.25	142.75	152.0	147.25	145.0	148.5	149.25	148.0	150.0	150.0	156.0	161.75	164.25	158.75	160.75	
135.75	135.0	136.5	139.5	135.25	139.75	140.0	136.75	132.5	137.75	144.75	145.25	143.75	145.75	147.75	144.5	134.75	59.5	21.75	14.5	10.75	2.75	5.5	11.25	20.75	23.25	49.0	57.0	72.0	58.25	83.25	73.5	73.75	90.5	101.75	104.75	106.25	116.0	100.0	108.75	98.25	100.75	114.25	105.0	91.0	85.25	97.0	93.75	90.75	109.75	138.0	149.25	146.0	149.5	132.5	150.25	148.0	146.25	144.25	146.75	148.5	154.75	162.5	163.0	159.75	159.5	
137.25	140.0	137.0	137.5	134.5	137.25	138.5	134.25	136.25	145.0	149.0	146.75	143.25	143.5	142.25	144.75	121.5	47.75	7.25	1.0	4.25	0.0	10.0	48.75	34.0	35.5	30.75	45.0	65.5	61.0	60.5	67.25	70.75	73.25	89.75	110.75	115.0	101.75	112.75	89.75	104.5	92.75	100.25	115.75	106.5	87.0	90.75	87.5	87.0	89.25	118.0	147.25	155.0	147.0	139.0	154.5	155.75	146.25	144.25	148.0	151.75	154.5	161.5	164.5	162.5	162.0	
141.5	145.0	141.75	137.5	138.75	140.25	144.25	143.25	144.0	150.75	153.5	151.75	147.75	147.0	151.25	151.75	110.25	35.75	19.75	9.0	6.75	0.25	23.5	47.0	52.5	37.5	44.75	37.5	51.25	67.25	50.0	59.0	64.25	69.75	75.5	97.5	112.25	116.25	92.25	105.75	78.25	95.25	83.5	99.5	114.0	103.75	82.0	89.0	73.25	73.0	90.25	141.75	149.75	144.5	160.0	166.5	159.0	145.0	143.75	155.0	161.25	161.25	164.5	165.75	162.5	161.75	
137.0	144.5	139.5	138.5	141.75	142.75	144.75	147.25	145.0	154.5	164.25	163.5	157.25	159.25	160.75	152.25	110.0	43.75	27.5	19.25	5.25	0.0	14.25	36.5	47.75	25.25	38.0	52.25	38.5	54.0	56.75	46.5	64.5	67.5	73.25	92.75	99.5	103.0	104.25	82.25	95.75	70.0	91.25	73.75	97.0	106.25	93.5	81.25	77.75	73.25	74.75	114.5	151.75	159.75	173.75	170.0	159.75	153.0	150.75	158.25	163.25	164.5	167.0	165.5	164.0	163.5	
143.5	147.25	147.5	143.5	146.0	145.5	147.25	152.5	149.25	153.5	162.75	162.0	155.5	156.0	161.25	153.75	90.0	61.75	34.0	14.75	9.0	0.25	13.75	30.5	44.25	35.0	35.75	60.75	47.0	37.5	54.0	57.75	50.75	73.0	76.0	77.25	112.75	94.25	94.25	93.25	76.75	80.0	67.75	80.0	70.5	104.0	95.25	92.0	87.5	51.25	70.5	79.75	147.5	170.75	176.25	171.75	162.25	157.25	156.5	160.5	163.75	166.25	166.75	164.75	162.75	169.25	
151.5	149.5	147.5	145.5	145.75	144.75	146.0	159.0	154.75	154.75	162.75	169.75	165.75	165.0	169.25	158.0	71.75	50.75	40.0	21.0	15.75	43.0	59.0	25.25	31.25	42.75	55.25	37.5	94.5	23.0	42.5	54.0	53.25	66.25	84.75	83.5	86.0	108.25	84.0	83.0	85.25	72.25	67.5	63.5	68.25	83.75	103.75	92.0	86.75	62.5	58.75	74.5	127.5	170.0	165.25	168.25	162.0	159.0	163.5	170.5	171.5	171.0	166.5	166.0	169.0	170.25	
155.25	150.75	148.0	149.5	147.0	146.0	153.0	162.75	161.75	165.5	165.5	174.25	170.0	169.75	168.75	146.25	49.75	32.75	41.0	27.75	37.75	78.0	57.25	24.25	23.5	47.5	68.0	47.0	94.25	47.25	32.25	50.25	53.75	59.0	83.75	81.0	79.75	97.75	99.25	78.5	73.0	79.0	69.5	65.0	65.5	73.75	94.75	100.0	92.0	73.0	64.25	67.0	96.25	155.75	169.0	162.75	164.25	164.0	172.25	178.75	177.25	174.25	174.75	171.25	173.25	169.75	
156.25	151.75	148.5	148.25	147.25	153.0	156.5	160.0	160.5	165.5	163.5	169.0	168.25	166.5	165.5	137.75	39.25	28.75	31.0	43.5	64.0	72.5	85.25	44.5	34.5	44.75	83.0	60.5	69.75	90.75	19.0	43.75	52.75	61.75	66.5	91.75	76.25	83.0	104.5	88.25	73.0	68.25	89.0	61.25	79.25	66.25	92.25	98.0	93.75	86.5	69.25	67.25	76.5	155.25	174.5	173.25	175.5	176.75	180.5	179.0	173.75	172.75	172.25	169.75	166.0	162.0	
158.5	150.25	144.5	143.75	151.25	154.25	154.75	159.5	157.0	162.0	157.25	161.5	157.0	167.75	167.75	119.75	33.25	24.5	26.0	56.5	86.75	89.25	97.25	68.5	42.5	43.75	77.5	80.5	63.25	100.5	33.25	37.5	54.5	60.5	73.25	75.75	89.0	76.0	86.5	99.0	69.5	72.0	78.25	79.75	66.25	91.5	85.25	106.0	91.25	78.25	76.0	75.25	80.25	118.5	178.25	181.75	179.25	172.75	175.0	173.0	168.75	164.75	167.25	163.75	160.75	158.5	
149.75	143.25	139.5	141.25	148.25	146.75	149.5	154.25	156.5	158.75	153.5	160.0	157.75	166.75	172.75	117.0	30.75	30.5	28.5	80.25	94.0	95.25	100.0	94.25	54.5	59.75	71.25	124.75	80.25	80.0	82.0	24.75	50.75	71.5	76.25	85.25	89.5	84.75	80.5	94.75	91.0	62.0	79.75	84.25	76.75	79.75	110.5	107.5	99.0	84.5	69.0	68.5	73.25	114.5	167.0	182.5	180.0	174.75	173.25	172.25	167.75	164.25	162.5	158.5	159.5	160.25	
147.25	141.0	136.75	141.0	146.25	148.25	152.0	150.5	156.5	157.25	151.5	160.0	161.25	167.75	167.25	102.75	35.0	36.5	35.25	99.0	101.5	99.75	102.25	109.5	63.0	87.25	80.25	113.75	135.75	77.75	106.25	18.5	42.25	76.0	81.0	89.5	84.0	99.25	77.5	84.0	92.75	76.25	71.5	89.25	78.0	71.5	106.0	125.75	112.75	82.0	71.5	69.5	77.75	82.75	142.0	169.0	177.75	172.75	169.5	167.75	165.5	160.5	158.0	158.0	158.75	158.0	
146.25	142.5	141.5	149.25	154.75	153.25	154.0	153.25	159.75	157.5	151.75	161.0	162.25	166.25	160.25	89.25	33.0	37.5	35.5	108.0	110.75	105.25	110.25	110.75	85.25	90.5	99.0	96.75	143.25	123.75	85.0	51.0	36.0	52.0	83.75	84.75	96.75	84.0	88.25	82.0	79.75	90.75	73.25	81.75	90.75	66.5	82.75	124.25	114.25	98.5	79.0	80.75	74.25	71.0	115.75	154.75	167.25	162.75	162.25	162.0	157.75	157.25	159.5	157.0	153.75	157.25	
147.5	152.0	159.0	161.0	157.0	155.0	159.75	156.25	157.75	168.0	168.25	158.5	153.0	174.25	159.75	84.75	31.25	30.25	38.75	108.75	109.25	109.0	110.0	113.25	117.25	77.0	108.25	81.25	125.5	135.0	69.25	94.25	16.5	46.0	70.0	98.25	89.5	81.5	84.0	80.75	70.5	81.25	80.5	71.5	93.75	81.25	56.5	102.25	120.0	119.0	100.0	77.0	71.25	92.0	97.25	134.25	158.0	168.25	162.5	160.75	165.5	157.5	153.5	162.0	158.0	156.5	
164.25	161.75	159.0	154.25	156.75	161.75	164.25	162.75	165.25	173.25	177.75	171.5	166.25	182.0	170.0	109.5	27.5	29.0	33.75	105.5	90.5	92.75	109.25	112.5	120.5	83.75	126.75	65.0	51.5	30.0	32.5	38.25	7.5	36.25	53.0	78.75	91.25	86.25	74.5	82.75	71.5	69.25	72.0	77.75	79.0	108.0	59.25	61.5	78.75	112.5	118.5	107.0	74.25	79.5	97.0	130.25	148.0	168.75	172.75	169.5	171.5	164.75	158.5	164.0	161.75	157.0	
153.75	150.0	153.25	158.5	159.75	163.75	165.0	166.0	174.5	172.75	177.25	176.75	170.25	177.75	173.75	135.5	22.5	32.75	28.25	35.5	29.75	27.25	54.75	107.5	109.0	120.75	112.0	39.25	35.0	57.0	69.5	81.5	49.0	16.0	42.0	55.0	84.75	78.0	77.75	78.25	71.75	70.25	69.25	72.75	80.25	90.0	93.5	74.25	71.5	69.25	97.5	105.25	107.25	76.0	92.5	111.5	140.5	159.25	176.75	168.0	166.0	170.5	162.75	161.25	159.0	156.5	
149.75	154.0	159.25	163.0	168.0	172.5	173.75	179.0	186.0	174.75	178.75	186.0	177.0	177.5	183.0	164.0	31.0	33.75	23.75	74.0	54.25	54.25	51.5	75.0	115.25	134.0	115.0	79.5	64.5	54.25	20.5	21.5	41.75	9.5	33.0	41.25	64.5	76.25	80.75	67.75	71.75	58.0	81.25	51.0	73.5	86.0	86.0	92.75	94.75	62.75	75.75	64.75	73.25	96.0	99.0	98.0	121.0	154.75	176.0	168.0	171.0	177.5	168.5	164.75	171.25	165.5	
157.25	162.0	163.5	167.25	169.5	176.25	180.75	182.5	184.25	183.5	181.0	182.25	184.75	184.25	181.75	173.25	55.25	22.75	25.75	52.5	18.75	24.25	56.5	69.5	123.75	148.25	126.0	107.5	82.0	43.0	41.5	34.5	77.5	44.5	19.5	43.75	57.0	70.0	69.0	74.0	71.75	60.75	64.25	74.75	44.0	60.25	82.5	82.0	89.5	97.0	70.5	65.0	59.75	49.5	65.75	99.75	117.75	130.5	161.0	167.75	186.5	175.25	167.5	170.75	167.25	164.25	
162.25	177.75	184.5	182.5	178.75	188.75	190.0	190.0	190.75	191.0	192.25	193.25	193.25	191.25	186.0	179.75	80.0	27.0	21.25	29.75	60.0	37.25	77.0	87.5	135.5	164.75	150.25	143.75	134.25	88.75	105.25	78.75	137.0	97.75	9.5	29.0	56.75	52.5	67.5	74.5	63.0	63.5	52.75	92.25	59.5	55.0	45.75	43.5	61.25	85.75	87.25	81.0	56.25	48.25	33.5	40.0	112.25	123.0	126.5	155.0	160.0	179.25	180.75	177.25	176.0	165.75	
170.5	183.75	190.75	185.75	190.0	195.25	192.5	192.5	191.5	191.0	191.75	192.75	190.75	190.5	188.25	183.25	103.0	31.5	19.25	33.0	79.5	87.25	98.0	114.25	161.0	180.75	174.25	173.5	160.5	99.0	86.5	93.25	127.75	145.5	43.25	21.0	50.0	47.0	65.0	67.0	62.25	55.75	55.5	62.0	91.5	74.5	51.25	50.25	43.75	53.75	64.25	54.0	70.75	52.25	51.25	30.0	31.25	140.0	142.75	131.75	151.0	175.5	171.5	166.25	184.0	162.0	
177.5	190.25	201.25	197.75	198.25	196.0	197.0	195.5	194.25	192.75	195.0	194.25	193.0	192.75	195.25	189.25	108.5	27.5	21.0	45.5	94.75	108.5	101.5	108.75	171.0	179.75	181.25	181.75	163.0	125.0	112.0	135.0	149.0	161.0	124.75	19.25	42.25	67.5	45.5	62.25	59.0	52.5	64.25	34.25	79.5	91.0	86.25	46.0	55.5	42.75	56.25	46.25	47.0	57.25	37.25	47.25	39.0	89.0	166.0	156.25	157.75	173.25	176.25	179.25	171.25	160.0	
189.0	201.75	206.75	202.0	199.75	198.0	197.5	196.25	197.5	193.0	198.0	196.0	190.0	186.0	189.5	183.0	133.5	21.25	26.5	78.0	108.75	97.75	107.25	126.25	173.75	175.25	178.75	178.5	166.5	145.75	130.25	139.25	156.75	162.75	168.75	34.25	46.5	78.0	50.5	61.75	48.75	54.0	57.75	50.25	36.0	94.0	103.25	51.75	44.5	57.25	56.25	47.0	39.5	51.75	52.0	51.0	33.75	57.75	140.25	165.25	165.75	165.25	170.0	167.0	173.0	169.75	
202.75	205.0	198.25	200.75	199.0	192.75	190.75	193.75	192.25	188.0	192.25	192.0	184.25	184.75	190.75	191.0	153.5	30.75	24.75	88.75	103.0	101.5	104.25	154.25	173.25	169.0	174.25	175.25	163.25	154.25	149.75	145.0	150.75	170.25	163.75	122.0	42.75	81.25	93.75	56.25	49.25	51.75	53.75	43.25	31.25	72.5	103.0	73.25	56.75	53.25	62.75	49.25	42.25	54.25	48.75	54.75	52.25	44.75	79.25	168.5	178.25	176.5	179.25	181.5	177.75	177.5	
202.75	201.0	201.75	201.5	201.75	196.75	194.5	189.25	191.75	179.0	166.75	170.5	170.0	173.75	178.75	163.5	130.25	35.5	30.75	92.75	104.25	106.5	110.5	171.25	166.5	162.75	162.75	165.75	158.25	151.75	155.25	152.5	152.5	166.0	156.75	162.5	65.0	77.25	112.0	60.5	64.75	46.0	50.25	40.75	43.25	51.0	85.0	91.75	69.25	47.0	64.25	56.0	51.0	47.5	57.25	61.25	72.5	50.5	56.25	115.75	149.5	163.25	183.0	188.75	190.25	192.5	
195.5	197.75	195.5	194.75	195.25	199.5	198.0	193.5	191.5	186.75	183.0	189.5	196.75	198.25	194.25	190.25	185.75	37.75	31.0	92.75	110.5	109.0	125.75	169.5	162.0	156.5	156.25	154.25	149.75	146.0	149.5	151.5	157.25	153.0	150.0	161.0	109.0	63.5	114.25	86.0	80.25	60.25	43.25	46.0	49.75	45.5	67.0	73.5	78.0	45.5	50.0	68.0	54.25	54.25	53.75	61.0	66.0	44.25	57.5	53.5	67.0	106.5	165.25	198.0	202.25	204.25	
200.0	197.25	201.0	196.5	196.25	203.0	201.0	199.0	197.25	196.75	194.0	193.0	204.25	212.5	211.0	212.0	202.75	56.0	23.75	99.75	103.75	99.0	119.0	161.5	147.0	142.75	144.25	147.75	143.5	146.75	149.5	151.75	147.0	152.25	152.25	140.75	127.25	64.0	113.5	117.0	91.75	92.0	47.75	48.25	55.5	46.25	56.0	79.0	44.5	63.75	44.25	44.5	74.0	55.25	52.75	52.75	47.0	55.25	48.0	46.75	74.75	77.75	64.0	121.0	193.5	208.5	
192.25	192.0	203.5	207.75	206.0	204.75	205.25	207.75	210.0	203.5	201.5	206.75	212.25	212.0	216.5	216.25	215.75	77.0	26.75	92.5	101.5	98.75	83.75	105.75	79.5	69.0	111.5	138.75	141.25	141.25	142.25	144.75	143.75	149.0	149.0	140.25	143.5	85.0	105.25	115.5	103.0	94.5	88.5	50.0	62.25	50.25	45.75	72.25	59.75	40.75	45.25	39.0	33.25	66.75	63.25	52.5	59.25	62.5	63.0	51.25	46.0	102.5	147.25	136.25	113.0	151.0	
195.5	198.25	199.75	204.0	204.75	200.75	200.75	203.5	202.0	209.75	213.5	215.5	212.5	211.0	211.75	212.5	216.0	74.5	34.5	76.75	96.5	97.75	97.25	53.25	67.5	74.25	120.25	148.5	147.25	141.0	140.25	141.25	139.75	145.5	144.75	135.5	142.75	101.0	98.0	110.25	101.75	92.0	91.5	80.25	61.0	61.75	50.75	57.0	52.5	46.0	43.5	32.0	36.0	33.5	55.25	64.75	51.5	61.75	109.0	78.5	78.0	64.5	122.0	168.0	200.75	201.25	
194.75	200.0	204.75	204.5	197.0	196.0	198.0	206.25	204.5	213.25	213.5	215.25	212.75	208.25	212.25	213.25	212.0	112.75	27.25	51.5	97.0	100.5	114.0	81.0	84.25	142.5	166.75	164.25	155.5	150.0	146.25	142.5	137.75	147.0	144.0	131.0	130.75	111.25	91.0	101.5	97.0	93.5	99.75	91.75	82.0	64.25	60.25	51.5	53.5	51.0	44.0	38.75	26.5	29.75	34.75	39.25	49.0	47.75	74.75	162.5	116.75	137.5	150.0	163.0	181.25	210.75	
200.5	200.75	208.5	205.75	195.75	200.0	205.75	208.5	205.75	211.25	215.25	213.25	212.75	212.25	213.5	215.75	214.25	133.75	27.5	28.25	87.0	93.25	113.25	107.0	129.0	168.25	174.0	167.0	155.25	151.25	148.0	142.75	136.5	136.75	133.5	133.25	126.0	110.75	89.0	103.75	93.25	91.75	90.5	84.25	93.0	89.5	66.25	43.5	53.0	48.0	45.0	52.25	34.75	27.5	38.25	41.5	44.5	40.5	47.75	133.0	193.75	187.25	170.25	173.5	201.25	218.25	
215.5	212.0	207.75	203.0	196.5	203.75	212.25	210.0	212.5	214.25	213.0	214.25	210.5	209.25	213.0	210.0	211.5	163.5	29.75	14.5	68.75	90.0	84.75	61.0	78.5	92.25	124.0	141.25	117.0	119.5	141.25	140.5	140.5	135.75	129.0	124.25	115.5	111.75	97.5	93.0	84.5	82.0	64.0	84.25	78.75	83.5	85.25	55.25	41.75	47.0	47.0	48.25	47.75	36.0	37.0	51.0	42.25	59.5	40.75	65.0	172.75	215.0	213.75	214.75	220.0	222.75	
205.25	201.0	195.75	196.5	197.0	204.75	209.75	206.75	208.75	212.75	210.5	215.75	215.25	217.5	219.0	206.5	207.0	184.0	42.0	20.25	30.25	87.5	66.75	44.75	49.75	56.5	49.5	69.0	99.0	99.75	134.0	138.5	137.5	131.5	123.0	117.75	109.75	101.5	95.75	86.0	78.75	70.0	51.25	49.75	61.25	79.0	82.0	73.25	52.75	35.25	42.25	43.0	55.75	50.25	41.5	51.25	51.0	43.0	54.0	57.5	60.5	136.75	211.5	219.25	217.0	216.25	
203.75	197.5	195.5	202.0	205.75	207.0	203.5	203.25	209.75	217.25	216.75	216.5	219.0	224.5	223.25	204.0	204.25	191.5	56.75	30.75	14.75	79.75	76.5	77.75	79.5	109.5	121.0	130.5	141.75	131.25	124.5	129.5	127.25	122.75	117.5	111.0	104.0	97.25	89.0	80.75	72.5	55.0	51.25	54.75	42.25	52.75	80.5	80.5	59.25	46.75	33.75	41.75	47.0	60.75	52.75	48.75	64.5	67.75	51.75	56.75	87.25	73.75	104.0	190.25	212.75	213.5	
208.5	208.5	209.5	209.25	209.0	211.75	214.5	216.5	216.75	216.75	219.0	219.25	225.0	224.75	217.75	203.5	205.25	196.25	72.5	47.5	27.0	70.5	77.0	70.75	51.5	68.75	91.75	117.0	126.5	127.25	125.75	129.25	125.75	118.0	113.25	103.0	95.5	90.0	78.0	74.25	63.75	52.0	59.0	52.75	57.5	26.5	58.0	70.25	75.25	48.25	37.75	36.0	48.0	54.0	61.75	51.25	59.25	73.75	66.0	66.25	78.0	118.0	123.75	119.5	187.25	214.75	
210.25	214.25	214.75	217.25	214.25	216.75	219.25	219.0	219.0	220.0	222.5	223.25	227.0	225.0	216.25	209.25	215.5	193.75	57.0	43.75	65.75	131.75	92.0	83.5	77.75	81.0	100.75	118.5	123.5	129.0	129.25	128.25	121.0	114.25	107.75	98.75	91.75	80.75	67.75	59.5	62.0	62.75	62.0	54.25	57.25	32.0	51.0	56.75	67.0	63.25	39.25	28.0	32.5	50.0	57.75	66.75	57.5	66.75	114.5	94.5	72.5	98.0	157.5	182.5	192.5	210.0	
222.75	222.25	224.0	223.25	226.25	230.75	230.25	230.75	229.25	228.25	231.5	229.75	226.0	222.25	222.25	219.25	221.25	171.75	44.5	88.75	164.75	203.25	91.0	88.5	96.25	103.0	120.75	128.75	128.75	131.75	130.75	124.5	118.0	109.25	99.5	92.25	80.75	64.5	56.25	79.25	81.75	71.5	70.0	61.0	56.75	37.25	69.5	53.5	55.25	48.75	42.0	31.75	8.5	35.0	60.5	64.0	92.0	67.75	77.75	136.5	155.75	94.75	131.0	213.25	223.5	226.75	
218.0	219.0	220.75	225.0	228.5	231.0	234.0	235.5	237.75	238.5	237.0	236.0	232.5	227.5	226.5	222.0	215.25	156.75	99.5	177.0	217.5	206.5	60.5	89.0	97.0	112.25	141.0	138.75	138.75	132.5	124.5	116.75	109.0	94.25	83.5	74.75	61.25	61.75	86.75	97.0	91.0	82.75	81.25	77.0	75.5	35.0	84.5	61.75	73.75	41.25	27.5	35.5	16.25	51.0	177.5	111.25	102.0	132.25	114.5	137.75	206.5	231.0	196.5	198.0	229.0	234.5	
223.5	227.0	229.75	232.0	234.25	234.25	235.75	236.75	235.5	235.75	236.5	237.5	237.0	235.0	233.0	229.5	219.75	211.25	224.75	219.75	217.75	164.25	75.5	54.25	92.75	104.5	124.5	126.0	132.0	134.25	121.5	106.0	93.25	78.75	64.5	54.25	69.25	95.5	97.0	97.0	102.0	91.0	91.25	95.0	90.25	38.0	92.5	59.75	108.0	19.75	32.75	32.25	15.25	40.25	221.25	224.0	171.5	142.5	197.5	218.25	224.75	233.25	235.25	237.75	234.5	233.5	
235.0	236.75	238.75	237.25	239.25	238.25	238.75	238.5	239.0	239.25	239.25	238.25	238.0	236.75	236.5	235.0	235.5	234.0	232.75	236.75	222.25	105.75	62.5	87.5	89.0	92.75	108.5	112.5	110.0	109.5	105.25	85.25	65.5	53.5	51.5	82.0	108.75	112.25	104.25	101.5	99.5	101.25	110.75	118.0	91.5	37.25	90.0	72.75	148.25	12.75	30.75	19.25	13.75	15.75	187.25	235.5	236.5	237.5	223.25	237.75	238.0	239.0	238.5	238.5	238.0	238.0	
237.25	239.0	240.75	240.25	240.0	241.0	241.0	241.0	241.5	241.5	240.5	239.25	239.5	239.0	238.5	238.5	239.0	234.5	237.25	240.25	190.0	121.25	85.25	189.25	90.25	69.0	87.5	94.5	86.5	82.5	68.75	53.25	45.0	63.25	94.75	112.5	121.25	124.25	118.5	107.0	107.0	118.0	117.5	27.0	30.5	35.75	68.0	82.75	145.25	19.75	31.25	16.0	14.25	4.5	123.75	239.25	242.25	240.75	244.25	240.75	241.75	239.0	239.5	240.0	240.25	241.0	
240.75	240.25	242.0	243.0	242.75	244.0	244.0	244.0	242.0	242.5	242.0	241.25	241.75	241.0	239.5	240.25	239.5	242.75	241.25	231.25	219.5	164.25	217.5	178.25	171.75	103.0	86.25	81.25	64.75	40.25	40.75	56.0	78.75	104.75	110.0	122.75	123.5	134.0	132.25	120.75	123.75	81.25	9.0	16.25	19.5	34.25	34.75	19.0	23.25	19.25	32.75	45.0	28.0	29.0	60.0	241.75	238.5	241.75	238.75	241.25	241.25	242.0	240.0	241.0	242.75	243.0	
244.25	244.0	244.0	242.0	241.0	241.0	240.75	240.0	239.0	239.75	241.0	242.0	241.0	242.25	243.75	244.25	241.5	244.5	247.75	246.0	239.25	238.5	241.75	222.0	174.5	221.5	251.0	232.5	103.0	61.25	70.75	100.25	99.75	112.5	126.75	129.25	123.0	134.5	129.25	129.0	67.75	14.75	21.75	18.25	21.5	25.25	27.25	26.25	24.75	20.0	24.5	47.25	42.5	70.75	80.0	207.25	239.25	242.25	243.25	242.0	242.0	243.0	241.5	241.75	242.0	242.0	
242.0	242.0	241.5	241.5	240.5	239.5	240.0	240.5	239.5	239.75	241.5	241.5	241.75	242.5	242.5	243.0	240.25	243.0	244.5	243.0	240.25	237.25	240.0	222.5	187.75	206.25	240.25	236.25	138.5	80.75	83.25	101.0	110.25	118.0	125.5	124.5	132.75	150.25	120.0	39.25	28.0	33.5	32.5	34.75	37.5	37.25	31.75	36.0	36.75	30.0	33.0	33.0	111.75	135.75	136.75	164.0	245.25	239.25	240.75	240.75	241.5	240.5	241.0	240.0	240.5	240.0	
239.75	241.25	242.0	241.0	240.0	240.0	239.5	240.0	242.0	242.0	241.5	242.5	241.5	241.0	241.0	240.5	239.0	240.25	242.25	239.75	236.0	238.0	242.25	227.25	222.25	212.25	234.25	236.5	153.0	86.25	93.75	106.0	120.0	123.75	123.25	125.25	149.25	97.25	30.0	35.0	36.75	38.0	40.25	46.5	47.0	47.0	44.25	42.25	46.0	42.0	38.25	40.25	50.5	182.75	199.75	223.0	233.0	241.75	240.75	240.25	240.5	239.0	239.75	239.5	239.5	238.75	
238.5	240.0	240.5	240.5	240.5	238.5	239.0	239.5	241.0	240.0	239.25	238.75	238.0	238.25	238.0	238.0	235.25	237.0	237.25	234.5	231.75	234.25	241.5	216.25	232.75	226.5	233.5	236.25	153.75	83.75	98.5	112.0	122.5	125.25	126.75	114.75	53.75	45.75	43.0	43.0	46.25	46.0	49.75	54.5	60.0	59.5	64.75	56.5	46.5	50.75	39.0	41.5	42.0	88.0	231.25	234.0	238.25	238.25	237.75	238.25	237.25	237.0	236.0	237.25	236.0	236.0	
234.0	237.75	236.25	236.75	237.25	237.25	239.75	240.25	240.0	240.0	239.0	237.25	235.75	234.5	232.25	231.25	227.5	232.5	231.0	231.75	236.25	226.5	232.5	190.5	125.25	205.75	228.5	220.0	192.5	82.5	94.25	104.0	118.5	128.0	80.5	47.5	53.75	60.0	67.25	68.0	69.25	67.75	70.5	72.25	72.75	75.75	82.5	78.5	66.5	62.0	57.75	46.0	47.25	51.5	130.0	229.0	228.25	233.25	232.5	235.25	236.0	233.5	230.75	231.0	233.75	233.25	
224.75	228.0	228.25	230.0	233.25	234.5	238.0	238.75	237.0	237.0	237.75	237.0	235.0	232.75	229.25	226.0	227.0	232.75	228.0	225.5	229.25	219.0	222.75	201.0	146.5	218.25	230.75	212.0	116.25	87.25	100.25	110.5	103.25	52.0	55.0	65.25	72.75	76.0	76.75	79.5	78.5	79.0	72.0	74.25	83.5	82.5	84.5	92.25	96.25	92.25	87.5	79.25	61.5	65.5	59.5	180.5	229.75	232.0	230.0	229.25	226.0	223.25	224.75	226.75	230.25	232.75	
218.75	221.25	223.25	226.0	229.75	231.5	235.25	238.0	234.75	235.75	236.25	232.5	230.75	227.75	225.5	223.0	221.0	225.75	217.75	212.25	217.0	210.75	218.0	200.5	148.0	211.0	128.0	91.25	53.25	87.75	97.75	61.5	55.0	60.25	67.5	67.25	60.75	64.0	79.75	87.5	88.0	93.5	92.75	96.25	102.75	115.25	120.75	124.0	112.0	120.5	124.25	116.75	112.75	118.25	111.0	113.75	196.25	205.75	215.0	217.0	220.75	221.25	223.75	226.0	230.5	227.0	
223.5	223.25	222.5	225.25	229.75	232.5	233.0	233.5	229.0	231.25	233.5	228.75	222.75	220.0	219.0	220.5	222.75	225.25	216.25	210.75	217.75	215.75	228.0	150.0	147.5	99.5	77.0	63.25	46.0	91.75	66.0	53.0	52.5	56.0	62.5	67.0	78.0	87.5	99.0	111.25	120.0	130.5	123.0	117.5	112.5	116.0	113.25	111.5	97.0	106.75	122.0	128.5	120.0	124.5	123.5	122.0	120.25	137.5	177.25	204.75	219.5	225.5	228.5	222.75	223.75	218.25	
200.75	202.75	203.75	204.5	208.75	210.0	209.25	208.25	208.5	211.5	209.0	208.5	209.0	208.75	203.25	203.75	199.0	208.75	216.5	204.25	201.25	208.0	217.0	153.5	168.75	69.5	66.25	61.0	39.25	56.5	53.5	49.75	61.75	67.0	63.5	58.25	69.75	73.75	81.25	83.5	103.5	109.75	110.25	99.25	96.5	93.5	94.25	106.25	113.0	110.25	119.25	123.5	121.5	124.75	122.5	118.0	121.75	130.5	137.0	193.5	223.75	211.25	216.75	218.25	213.0	215.5	
187.75	188.75	187.0	189.25	189.5	189.75	190.0	192.75	195.5	195.25	191.5	190.25	189.5	188.25	186.0	186.5	180.5	180.75	182.0	186.0	181.5	184.75	180.25	72.0	164.5	57.75	55.0	49.5	47.25	56.5	57.75	50.0	59.5	65.5	59.75	66.5	64.0	67.25	77.25	80.25	85.25	87.75	101.5	97.25	103.75	111.75	121.0	142.75	134.75	132.75	132.5	138.25	127.25	116.25	121.5	112.25	114.75	111.5	139.25	131.25	182.0	223.0	214.25	211.75	213.75	215.25	
158.5	160.25	163.75	166.0	166.75	168.5	169.25	170.25	174.5	174.25	171.75	173.25	170.0	167.5	162.25	159.0	157.75	155.25	155.5	165.0	164.5	154.25	82.25	60.5	105.5	70.75	57.0	56.25	46.0	48.25	48.0	53.75	57.5	65.0	73.75	78.5	76.75	79.0	89.0	95.25	100.25	103.5	111.75	113.75	111.25	119.5	116.75	120.25	113.0	110.0	108.75	122.25	120.75	127.0	128.0	118.25	119.25	107.5	124.5	110.0	126.25	195.25	213.25	215.0	214.75	216.25	
144.5	147.75	147.25	145.5	146.75	147.0	146.0	146.75	147.5	148.25	149.0	152.25	152.75	150.0	147.75	147.0	143.5	128.0	128.0	142.0	152.75	138.0	53.25	69.0	134.25	145.5	62.5	42.25	36.5	78.0	56.75	32.5	40.25	51.0	66.0	69.75	76.75	87.75	83.0	81.25	90.75	92.0	89.0	86.0	84.0	66.5	73.0	63.5	60.0	66.5	56.75	47.25	49.25	73.0	105.25	110.0	100.25	116.0	111.25	121.5	111.5	137.0	188.75	208.5	212.0	212.0	
130.75	127.0	127.75	127.0	128.75	128.0	128.5	129.75	129.75	130.0	131.5	130.0	129.75	130.75	129.75	130.5	128.0	108.25	120.25	133.75	137.5	129.25	131.25	122.25	144.75	144.25	69.25	57.75	107.75	73.5	39.5	63.5	66.0	63.25	50.5	46.5	52.25	62.75	58.25	59.75	52.0	48.0	38.5	39.75	44.75	47.25	58.5	71.5	81.25	98.25	112.25	95.25	78.75	80.75	83.5	66.75	99.25	119.25	116.0	121.5	128.75	127.0	151.0	198.0	197.75	195.75	
122.75	121.25	118.5	118.25	120.0	119.0	117.75	117.25	118.75	118.25	119.0	117.5	119.5	120.75	119.75	123.0	117.25	84.25	94.5	122.0	134.25	130.5	184.75	132.75	137.25	107.25	92.25	97.25	108.0	55.25	73.0	93.75	92.25	92.0	94.25	90.0	86.75	74.0	60.25	65.25	74.75	67.5	63.0	66.25	71.25	77.75	87.75	105.25	117.75	136.0	153.75	149.75	131.0	120.25	127.25	88.25	76.75	114.25	126.5	117.0	137.25	130.0	131.0	162.5	171.0	167.75	
120.5	119.0	114.25	111.75	111.75	115.75	113.0	111.5	113.25	114.25	110.75	113.0	110.0	114.25	118.5	121.5	122.75	83.0	75.75	116.5	125.0	152.25	205.0	125.75	135.5	101.0	75.25	110.0	71.25	72.5	100.0	109.5	115.25	120.0	122.25	116.5	114.75	107.25	108.5	103.25	98.0	97.5	95.0	96.75	100.75	112.0	122.5	137.25	146.75	158.75	170.5	170.5	160.5	150.75	153.5	160.25	82.5	99.25	129.5	121.75	135.75	135.0	128.75	139.5	154.75	156.25	
112.0	109.5	106.75	101.5	104.5	110.5	107.75	111.75	109.0	109.0	110.0	109.0	107.25	102.75	109.25	112.75	105.25	78.0	56.25	107.25	115.75	189.5	189.0	145.0	145.0	98.0	92.5	98.75	75.0	102.0	108.25	118.75	126.5	126.5	124.0	122.5	122.5	124.75	123.25	114.25	114.75	115.25	122.5	127.0	131.75	143.0	151.75	157.5	159.5	170.5	183.5	186.0	179.75	168.75	169.5	174.5	150.75	87.5	115.75	125.5	119.75	130.0	135.5	132.25	135.25	136.25	
91.0	90.5	98.75	102.75	98.25	94.5	91.5	91.0	93.0	94.0	95.0	93.75	96.75	102.0	95.5	95.25	96.0	56.0	44.0	89.25	133.0	197.0	182.0	127.75	97.25	83.25	107.5	66.25	95.25	110.75	112.5	118.5	125.75	125.5	124.5	123.0	122.5	125.5	122.0	121.5	122.5	125.0	133.5	138.75	145.5	154.75	160.5	168.25	173.25	180.75	188.0	192.0	190.0	187.25	184.25	182.5	183.0	79.25	114.5	122.25	117.5	128.5	143.25	141.0	102.75	114.75	
93.75	96.5	91.0	90.0	100.75	86.0	93.25	98.5	96.5	96.5	93.25	87.25	99.25	89.25	93.5	90.25	99.5	47.25	31.75	110.25	149.75	178.5	177.75	170.5	77.0	104.5	80.25	89.25	108.5	114.0	115.25	121.25	122.25	119.75	118.25	118.5	118.75	120.25	118.5	120.5	122.5	130.5	135.0	144.75	150.0	158.75	163.5	171.0	174.5	183.5	192.0	198.0	197.25	194.5	191.75	190.75	197.25	99.5	98.25	117.25	120.25	108.5	131.5	161.5	98.5	94.5	
118.0	116.75	102.0	123.5	110.5	99.0	98.75	98.0	86.25	83.5	100.75	103.25	114.0	125.75	103.5	122.75	111.75	64.0	85.75	122.25	147.5	185.25	159.75	103.0	77.5	91.0	81.0	115.25	116.0	118.75	118.75	119.75	118.25	117.5	115.25	113.0	113.5	115.5	115.0	116.25	122.75	131.25	136.5	144.75	151.0	159.0	163.25	171.25	177.0	186.25	195.0	200.5	204.0	201.25	199.75	198.5	198.25	144.0	84.25	111.0	117.25	107.5	130.0	152.5	125.5	69.75	
103.5	95.25	100.75	108.5	97.75	107.5	106.25	106.75	112.5	113.25	115.5	109.75	101.75	101.0	95.75	94.5	80.0	71.5	68.0	101.75	162.0	179.0	151.75	89.0	93.0	68.5	112.25	124.25	127.25	126.75	120.25	117.25	117.5	116.5	114.0	111.0	112.5	112.0	112.0	114.25	118.75	129.25	134.5	142.75	149.0	157.0	161.5	170.0	177.5	187.5	196.25	202.5	207.25	206.75	206.5	205.75	201.5	196.5	74.0	90.0	108.5	121.5	108.5	145.5	143.75	94.75	
44.75	39.25	37.75	48.25	36.75	44.5	46.5	42.0	38.25	44.25	50.75	58.0	59.5	62.25	53.0	64.75	74.25	51.0	63.5	106.75	155.25	159.25	131.75	111.5	131.75	110.5	111.25	123.75	131.75	129.5	123.75	116.0	116.25	115.25	109.5	108.25	109.5	108.5	105.5	109.0	116.25	125.25	133.0	139.5	148.0	154.75	161.25	170.0	175.5	185.75	194.75	202.0	208.0	208.75	208.75	210.5	212.0	214.25	80.0	80.75	100.5	120.5	107.25	119.75	139.0	112.5	
13.0	30.0	18.25	11.75	9.25	9.25	7.25	7.0	6.0	3.75	1.75	1.25	4.0	14.0	23.25	30.25	30.75	49.75	25.0	97.75	160.0	157.0	115.0	130.25	140.75	133.25	112.0	128.75	131.0	129.25	124.5	117.0	116.0	112.0	105.5	104.75	105.0	104.5	101.25	104.5	112.0	120.25	131.25	136.5	145.0	152.0	159.75	168.75	174.5	184.75	194.25	201.5	208.5	211.25	211.0	212.0	215.0	217.0	126.0	75.75	97.25	112.5	110.0	107.0	127.75	113.5	
19.25	16.75	11.5	16.0	13.0	9.75	11.25	15.25	17.0	18.5	15.25	19.0	29.5	63.5	72.5	80.25	73.75	89.25	59.5	139.5	147.0	145.75	127.25	143.0	138.25	166.0	115.75	125.25	128.0	127.0	119.75	112.75	110.75	106.25	101.5	101.25	100.75	100.0	96.5	98.5	105.25	114.0	129.25	136.25	144.0	150.0	158.25	166.0	173.25	184.0	193.5	201.0	207.75	213.0	212.75	213.5	214.0	215.25	146.75	67.5	88.0	102.0	110.75	100.25	109.75	125.75	
25.0	29.0	16.25	17.5	16.0	14.75	21.0	25.0	18.0	16.75	21.25	27.5	27.25	33.75	48.75	64.25	71.5	63.0	82.25	110.0	126.0	128.25	137.75	151.5	160.0	159.5	123.75	120.5	120.75	119.25	114.25	106.0	104.75	101.0	96.5	95.0	94.0	94.5	91.75	94.25	99.75	108.0	122.5	133.0	141.75	147.5	157.5	165.25	171.25	182.0	192.0	199.25	206.5	213.5	212.5	213.5	211.5	210.75	185.5	62.25	84.25	99.25	104.25	107.25	107.25	125.75	
11.75	29.0	19.5	11.5	7.5	13.75	23.25	20.75	12.0	14.25	28.5	41.0	40.25	37.25	36.25	28.25	29.0	85.0	87.25	108.0	107.0	118.5	161.5	161.75	157.25	162.75	118.0	118.5	119.75	118.25	108.5	99.5	98.0	96.5	93.5	90.5	90.0	90.0	89.25	94.25	95.5	101.5	114.5	128.25	135.75	144.0	152.5	160.5	170.0	180.0	186.5	193.5	201.25	209.75	212.25	215.75	212.25	210.0	183.25	48.25	73.25	91.5	92.0	116.5	114.0	122.25	
62.0	33.5	24.0	57.5	47.5	50.0	51.75	47.75	52.75	48.75	25.5	37.25	43.75	40.0	34.5	33.75	57.25	96.75	96.25	108.25	116.25	155.75	172.75	178.0	179.0	161.25	135.0	123.75	120.25	119.75	118.25	114.75	108.75	105.75	106.5	102.0	92.0	86.0	85.5	91.0	94.0	98.25	108.75	122.75	132.5	139.75	147.0	155.5	165.5	173.5	180.25	189.5	199.25	208.5	211.25	213.25	210.5	211.0	202.25	57.0	75.25	79.25	92.5	107.25	126.0	111.5	
94.75	22.25	18.25	59.25	49.0	52.75	58.5	58.0	59.0	66.5	66.25	19.75	37.0	39.25	35.75	45.75	109.5	72.25	82.0	102.75	155.5	181.25	170.25	187.75	180.25	173.0	170.0	146.0	134.25	129.25	128.75	124.0	116.25	115.75	112.75	110.5	102.75	90.0	79.0	78.0	91.75	99.5	105.75	117.0	129.75	138.75	145.0	154.0	160.0	168.0	175.5	184.75	195.75	204.25	209.5	210.25	207.75	209.0	213.5	52.0	68.0	88.75	90.5	107.75	126.75	129.75	
62.75	28.25	30.0	66.5	50.75	64.25	70.0	53.75	60.75	65.5	75.75	42.25	25.25	35.25	39.75	125.75	88.5	82.0	63.75	116.75	188.0	174.75	187.25	187.25	187.5	187.5	195.0	205.25	167.75	137.5	131.5	127.75	120.25	118.25	116.25	113.25	108.75	95.0	79.25	70.25	79.25	93.75	100.0	109.0	124.0	135.25	142.5	151.25	155.5	161.75	169.25	180.0	192.0	202.0	206.75	208.0	205.5	206.5	210.5	51.25	57.25	75.75	90.25	107.5	110.75	134.75	
66.5	31.0	35.5	71.0	66.25	62.0	59.75	64.25	58.75	52.25	63.5	62.75	31.25	43.0	93.75	99.0	84.5	102.5	120.0	193.75	198.75	196.0	203.5	221.5	221.25	222.5	228.5	239.0	230.0	193.5	147.75	130.25	127.5	127.0	122.75	116.0	105.5	96.25	91.5	84.0	78.5	84.25	93.5	104.0	121.5	130.75	138.0	144.75	152.5	158.25	166.0	177.25	188.5	198.0	203.25	207.0	205.0	203.25	209.75	73.25	50.75	64.0	77.25	103.0	110.0	123.25	
62.5	29.5	48.0	59.0	60.25	54.5	60.5	63.0	71.75	63.5	60.5	60.5	54.25	70.75	131.0	103.75	76.0	122.5	171.25	212.0	214.0	213.5	219.5	230.75	238.75	241.25	242.75	229.5	236.75	228.75	163.75	141.5	134.5	128.5	122.75	108.25	99.75	102.5	109.75	106.75	100.75	95.25	86.25	98.5	112.0	123.0	132.0	140.0	147.5	155.5	163.5	174.0	185.0	195.0	201.5	204.75	204.0	203.0	205.25	78.5	46.5	57.25	76.25	89.25	116.5	117.25	
70.75	31.25	50.5	55.5	62.5	66.25	61.25	62.0	58.5	73.75	60.75	63.5	80.0	97.75	126.25	60.75	87.5	138.25	202.25	213.25	224.0	230.25	235.75	234.5	246.5	250.0	248.5	247.75	245.25	248.25	218.75	172.5	141.5	129.25	115.75	96.25	93.0	100.0	118.25	127.25	124.75	121.5	102.25	88.75	104.0	114.5	125.0	134.0	143.0	152.25	161.0	171.5	182.75	192.5	198.75	202.0	201.0	197.25	201.75	80.25	42.75	55.0	70.75	79.0	108.5	110.25	
68.25	29.0	62.25	53.5	60.25	66.25	60.25	63.75	64.25	74.25	72.0	63.75	70.25	125.75	85.75	74.0	61.5	176.75	226.75	234.75	237.0	251.25	253.5	247.25	248.0	249.5	251.5	254.25	251.75	250.25	251.25	237.0	183.0	140.75	111.75	98.25	97.5	109.75	125.75	136.75	138.25	138.25	136.25	96.0	96.5	107.0	118.5	128.0	136.75	147.75	156.25	167.0	180.75	190.5	195.5	198.0	196.75	196.25	197.75	80.0	43.0	46.5	53.5	63.25	89.25	94.75	
}
Norm = 116327024