Vert coefs green

Size: 51x51
{
0.0	0.0	0.0	0.0	0.0	0.0	0.0	0.0	0.0	0.0	0.0	0.0	0.0	0.0	0.0	0.0	0.0	0.0	0.0	0.0	4.0	1.0	-2.0	0.0	-6.0	-19.0	-5.0	-3.0	0.0	0.0	0.0	0.0	0.0	0.0	0.0	0.0	0.0	0.0	0.0	0.0	0.0	0.0	0.0	0.0	0.0	0.0	0.0	0.0	0.0	0.0	0.0	
0.0	0.0	0.0	0.0	0.0	0.0	0.0	0.0	0.0	0.0	0.0	0.0	0.0	0.0	0.0	1.0	0.0	0.0	0.0	-1.0	3.0	1.0	-30.0	-1.0	-2.0	36.0	4.0	1.0	0.0	0.0	-1.0	0.0	0.0	0.0	0.0	0.0	0.0	0.0	0.0	0.0	0.0	0.0	0.0	0.0	0.0	0.0	0.0	0.0	0.0	0.0	0.0	
0.0	0.0	0.0	0.0	0.0	0.0	0.0	0.0	0.0	0.0	0.0	0.0	0.0	0.0	0.0	0.0	0.0	1.0	1.0	-2.0	-1.0	4.0	-8.0	5.0	0.0	19.0	-2.0	-3.0	0.0	0.0	1.0	0.0	0.0	0.0	0.0	0.0	0.0	0.0	0.0	0.0	0.0	0.0	0.0	0.0	0.0	0.0	0.0	0.0	0.0	0.0	0.0	
0.0	0.0	0.0	0.0	0.0	0.0	0.0	0.0	0.0	0.0	0.0	0.0	0.0	0.0	0.0	0.0	0.0	0.0	0.0	1.0	-2.0	-3.0	10.0	-1.0	6.0	-17.0	-2.0	6.0	0.0	1.0	0.0	0.0	0.0	0.0	0.0	0.0	0.0	0.0	0.0	0.0	0.0	0.0	0.0	0.0	0.0	0.0	0.0	0.0	0.0	0.0	0.0	
0.0	0.0	0.0	0.0	0.0	0.0	0.0	0.0	0.0	0.0	0.0	0.0	0.0	0.0	0.0	0.0	0.0	1.0	0.0	0.0	-1.0	-3.0	7.0	-4.0	-8.0	-7.0	6.0	0.0	0.0	0.0	0.0	0.0	0.0	0.0	0.0	0.0	0.0	0.0	0.0	0.0	0.0	0.0	0.0	0.0	0.0	0.0	0.0	0.0	0.0	0.0	0.0	
0.0	0.0	0.0	0.0	0.0	0.0	0.0	0.0	0.0	0.0	0.0	0.0	0.0	0.0	0.0	0.0	0.0	0.0	1.0	0.0	8.0	-2.0	-8.0	-4.0	-2.0	5.0	19.0	8.0	-1.0	0.0	-1.0	0.0	0.0	0.0	0.0	0.0	0.0	0.0	0.0	0.0	0.0	0.0	0.0	0.0	0.0	0.0	0.0	0.0	0.0	0.0	0.0	
0.0	0.0	0.0	0.0	0.0	0.0	0.0	0.0	0.0	0.0	0.0	0.0	0.0	0.0	0.0	0.0	0.0	2.0	-2.0	-1.0	1.0	3.0	1.0	4.0	0.0	8.0	-8.0	0.0	0.0	0.0	0.0	-1.0	0.0	0.0	0.0	0.0	0.0	0.0	0.0	0.0	0.0	0.0	0.0	0.0	0.0	0.0	0.0	0.0	0.0	0.0	0.0	
0.0	-1.0	-1.0	0.0	0.0	0.0	0.0	0.0	0.0	0.0	0.0	0.0	0.0	0.0	0.0	0.0	0.0	0.0	2.0	0.0	-2.0	-1.0	0.0	4.0	-4.0	-6.0	3.0	-2.0	0.0	0.0	0.0	0.0	0.0	0.0	0.0	0.0	0.0	0.0	0.0	0.0	0.0	0.0	0.0	0.0	0.0	0.0	0.0	0.0	0.0	0.0	0.0	
0.0	0.0	0.0	0.0	0.0	0.0	0.0	0.0	0.0	0.0	0.0	0.0	0.0	0.0	0.0	-1.0	0.0	0.0	-1.0	2.0	-2.0	0.0	1.0	0.0	-3.0	1.0	7.0	10.0	-1.0	0.0	-1.0	0.0	0.0	0.0	0.0	0.0	0.0	0.0	0.0	0.0	0.0	0.0	0.0	0.0	0.0	0.0	0.0	0.0	0.0	0.0	0.0	
0.0	0.0	0.0	-1.0	0.0	0.0	0.0	0.0	1.0	0.0	0.0	0.0	0.0	0.0	0.0	0.0	0.0	0.0	3.0	5.0	0.0	0.0	0.0	-1.0	-1.0	0.0	10.0	10.0	0.0	-1.0	1.0	0.0	-1.0	0.0	0.0	0.0	0.0	0.0	0.0	0.0	0.0	0.0	0.0	0.0	0.0	0.0	0.0	0.0	0.0	0.0	0.0	
0.0	0.0	0.0	0.0	0.0	0.0	0.0	0.0	1.0	0.0	0.0	-1.0	0.0	0.0	0.0	0.0	1.0	0.0	-3.0	3.0	0.0	0.0	1.0	0.0	1.0	2.0	1.0	14.0	1.0	0.0	0.0	1.0	0.0	0.0	0.0	0.0	0.0	0.0	0.0	0.0	0.0	0.0	0.0	0.0	0.0	0.0	0.0	0.0	0.0	0.0	0.0	
0.0	-1.0	0.0	0.0	0.0	0.0	-1.0	1.0	0.0	0.0	0.0	0.0	0.0	0.0	0.0	0.0	1.0	0.0	0.0	-1.0	-1.0	-1.0	-1.0	-1.0	2.0	-2.0	2.0	3.0	0.0	-1.0	1.0	0.0	0.0	0.0	0.0	0.0	0.0	0.0	0.0	0.0	0.0	0.0	0.0	0.0	0.0	0.0	0.0	0.0	0.0	0.0	0.0	
0.0	0.0	0.0	0.0	0.0	1.0	0.0	0.0	0.0	1.0	1.0	0.0	0.0	0.0	0.0	0.0	-1.0	2.0	-1.0	0.0	-1.0	1.0	0.0	0.0	-1.0	4.0	-6.0	0.0	10.0	-3.0	0.0	-2.0	0.0	0.0	0.0	0.0	0.0	0.0	0.0	0.0	0.0	0.0	0.0	0.0	0.0	0.0	0.0	0.0	0.0	0.0	0.0	
0.0	-1.0	0.0	-1.0	1.0	0.0	1.0	1.0	0.0	-1.0	0.0	0.0	1.0	0.0	0.0	0.0	0.0	1.0	1.0	-1.0	0.0	1.0	0.0	0.0	-1.0	-3.0	7.0	3.0	5.0	-1.0	-1.0	0.0	0.0	0.0	0.0	0.0	0.0	0.0	0.0	0.0	0.0	0.0	0.0	0.0	0.0	0.0	0.0	0.0	0.0	0.0	0.0	
0.0	0.0	0.0	-1.0	-1.0	0.0	-1.0	0.0	0.0	0.0	-1.0	0.0	1.0	0.0	0.0	0.0	1.0	4.0	1.0	-2.0	0.0	-1.0	-1.0	-1.0	-1.0	3.0	0.0	2.0	-16.0	2.0	-1.0	-1.0	0.0	0.0	0.0	0.0	0.0	0.0	0.0	0.0	0.0	0.0	0.0	0.0	0.0	0.0	0.0	0.0	0.0	0.0	0.0	
0.0	0.0	0.0	0.0	1.0	-5.0	-4.0	-1.0	1.0	5.0	-6.0	-2.0	0.0	0.0	0.0	0.0	1.0	5.0	-2.0	1.0	-1.0	0.0	-1.0	0.0	5.0	9.0	0.0	-1.0	-11.0	3.0	3.0	4.0	1.0	0.0	0.0	0.0	0.0	0.0	0.0	0.0	0.0	0.0	0.0	-1.0	-1.0	0.0	0.0	0.0	0.0	0.0	0.0	
0.0	1.0	0.0	0.0	1.0	0.0	6.0	1.0	-1.0	-3.0	-2.0	-1.0	3.0	-3.0	2.0	4.0	-5.0	13.0	-6.0	4.0	-1.0	0.0	-1.0	0.0	1.0	-1.0	-12.0	0.0	8.0	6.0	-1.0	-6.0	0.0	0.0	1.0	0.0	0.0	0.0	0.0	0.0	1.0	0.0	0.0	-1.0	-1.0	-1.0	-1.0	-1.0	0.0	0.0	0.0	
0.0	0.0	-1.0	1.0	-3.0	3.0	-2.0	1.0	2.0	1.0	1.0	1.0	6.0	11.0	-5.0	-6.0	0.0	3.0	4.0	2.0	0.0	0.0	0.0	1.0	0.0	-7.0	-3.0	2.0	5.0	9.0	-2.0	1.0	-2.0	-2.0	0.0	0.0	0.0	0.0	0.0	-2.0	-1.0	0.0	0.0	0.0	0.0	0.0	0.0	0.0	0.0	0.0	0.0	
0.0	0.0	0.0	-1.0	0.0	-1.0	-1.0	-2.0	0.0	1.0	-1.0	2.0	2.0	4.0	4.0	2.0	7.0	2.0	-2.0	-1.0	0.0	0.0	0.0	-1.0	6.0	3.0	14.0	-15.0	-3.0	-25.0	9.0	-1.0	-2.0	0.0	0.0	0.0	1.0	1.0	0.0	-1.0	0.0	0.0	0.0	0.0	0.0	0.0	0.0	1.0	0.0	0.0	0.0	
0.0	0.0	0.0	-1.0	1.0	1.0	-1.0	1.0	0.0	0.0	1.0	0.0	2.0	1.0	-3.0	-1.0	0.0	4.0	4.0	3.0	1.0	-1.0	-1.0	-1.0	-3.0	-4.0	27.0	5.0	-6.0	14.0	-7.0	7.0	4.0	15.0	17.0	4.0	1.0	0.0	0.0	0.0	-1.0	1.0	0.0	0.0	1.0	0.0	0.0	-1.0	-1.0	0.0	0.0	
0.0	0.0	0.0	-1.0	-2.0	-1.0	1.0	-1.0	1.0	0.0	1.0	0.0	-1.0	0.0	0.0	1.0	0.0	0.0	0.0	1.0	1.0	1.0	1.0	-1.0	0.0	1.0	2.0	3.0	9.0	13.0	-1.0	-4.0	-3.0	0.0	-23.0	-14.0	-2.0	1.0	7.0	-6.0	-5.0	2.0	0.0	-1.0	6.0	-2.0	-2.0	1.0	-1.0	0.0	0.0	
0.0	0.0	0.0	0.0	1.0	1.0	0.0	-2.0	-1.0	-1.0	-1.0	0.0	-1.0	1.0	1.0	0.0	0.0	0.0	1.0	1.0	1.0	0.0	0.0	1.0	-2.0	0.0	-1.0	2.0	-1.0	-3.0	5.0	0.0	-6.0	11.0	7.0	2.0	-4.0	-10.0	6.0	-7.0	-8.0	-13.0	-13.0	3.0	7.0	-11.0	-2.0	0.0	0.0	0.0	0.0	
0.0	0.0	0.0	0.0	1.0	0.0	-2.0	5.0	0.0	-1.0	2.0	0.0	1.0	0.0	1.0	-1.0	0.0	1.0	1.0	0.0	0.0	1.0	0.0	0.0	-1.0	-1.0	-1.0	-1.0	4.0	-1.0	1.0	-1.0	-1.0	-4.0	-1.0	0.0	-3.0	-2.0	3.0	-2.0	0.0	-4.0	-21.0	-9.0	4.0	6.0	-1.0	1.0	0.0	0.0	0.0	
0.0	0.0	-1.0	-1.0	2.0	-1.0	0.0	-1.0	0.0	-1.0	0.0	0.0	1.0	-1.0	1.0	0.0	0.0	2.0	0.0	0.0	0.0	-1.0	0.0	-1.0	2.0	-1.0	0.0	0.0	0.0	1.0	0.0	-3.0	1.0	1.0	3.0	0.0	1.0	-1.0	-1.0	1.0	-1.0	5.0	0.0	10.0	1.0	-16.0	-1.0	-1.0	0.0	0.0	0.0	
0.0	0.0	0.0	0.0	0.0	0.0	0.0	0.0	1.0	-2.0	0.0	2.0	1.0	1.0	0.0	1.0	-1.0	1.0	0.0	1.0	0.0	1.0	0.0	1.0	1.0	0.0	-1.0	0.0	1.0	0.0	2.0	2.0	2.0	0.0	1.0	1.0	-5.0	-8.0	1.0	-6.0	0.0	6.0	23.0	31.0	-1.0	0.0	1.0	0.0	0.0	0.0	0.0	
0.0	0.0	0.0	0.0	0.0	0.0	0.0	0.0	2.0	-3.0	1.0	-1.0	-1.0	0.0	0.0	0.0	0.0	0.0	0.0	0.0	1.0	-1.0	-1.0	0.0	0.0	-1.0	0.0	2.0	0.0	0.0	0.0	0.0	0.0	1.0	0.0	1.0	-1.0	-1.0	2.0	9.0	-26.0	-37.0	-44.0	-10.0	-1.0	0.0	1.0	-1.0	0.0	0.0	0.0	
0.0	0.0	0.0	0.0	0.0	0.0	0.0	0.0	-1.0	1.0	2.0	0.0	0.0	1.0	0.0	-1.0	0.0	-1.0	-1.0	1.0	-1.0	0.0	0.0	0.0	1.0	0.0	0.0	1.0	1.0	1.0	0.0	0.0	0.0	-1.0	0.0	0.0	-7.0	13.0	30.0	18.0	-46.0	3.0	2.0	6.0	0.0	0.0	0.0	0.0	0.0	0.0	0.0	
0.0	0.0	0.0	0.0	0.0	0.0	0.0	0.0	0.0	-2.0	1.0	-3.0	1.0	0.0	0.0	2.0	1.0	-1.0	1.0	-1.0	0.0	-1.0	-1.0	-1.0	1.0	0.0	1.0	-1.0	0.0	0.0	2.0	0.0	-1.0	-1.0	0.0	-1.0	-9.0	-39.0	-22.0	-41.0	-9.0	-1.0	3.0	7.0	-2.0	0.0	1.0	-1.0	-1.0	0.0	0.0	
0.0	0.0	0.0	0.0	0.0	0.0	0.0	0.0	0.0	1.0	0.0	0.0	-1.0	2.0	2.0	0.0	0.0	2.0	0.0	-1.0	0.0	1.0	0.0	1.0	1.0	-1.0	-2.0	0.0	-8.0	-3.0	-2.0	0.0	10.0	-3.0	10.0	19.0	24.0	-9.0	-15.0	-2.0	0.0	0.0	-1.0	-1.0	0.0	0.0	0.0	0.0	0.0	0.0	0.0	
0.0	0.0	0.0	0.0	0.0	0.0	0.0	0.0	0.0	-1.0	-1.0	1.0	0.0	-1.0	1.0	-4.0	-1.0	1.0	0.0	-1.0	0.0	0.0	0.0	1.0	0.0	-1.0	0.0	0.0	7.0	0.0	-1.0	0.0	-6.0	-7.0	-1.0	-60.0	-37.0	1.0	1.0	-1.0	0.0	-1.0	-1.0	-1.0	0.0	0.0	0.0	0.0	0.0	0.0	0.0	
0.0	0.0	0.0	0.0	0.0	0.0	0.0	0.0	0.0	2.0	0.0	0.0	0.0	6.0	-4.0	0.0	2.0	0.0	1.0	0.0	1.0	1.0	1.0	0.0	0.0	1.0	0.0	0.0	0.0	1.0	7.0	-4.0	48.0	35.0	0.0	-26.0	2.0	2.0	-6.0	1.0	-1.0	0.0	0.0	0.0	1.0	0.0	1.0	0.0	0.0	0.0	0.0	
0.0	0.0	0.0	0.0	0.0	0.0	0.0	0.0	1.0	-1.0	0.0	0.0	-2.0	6.0	5.0	-1.0	0.0	0.0	1.0	0.0	1.0	1.0	0.0	0.0	0.0	1.0	-1.0	-1.0	0.0	-3.0	2.0	-24.0	17.0	-45.0	4.0	1.0	-4.0	3.0	-2.0	-2.0	0.0	0.0	0.0	0.0	0.0	0.0	0.0	0.0	0.0	0.0	0.0	
0.0	0.0	0.0	0.0	0.0	0.0	0.0	0.0	0.0	0.0	0.0	0.0	-1.0	3.0	5.0	6.0	2.0	0.0	0.0	0.0	0.0	0.0	1.0	1.0	-1.0	0.0	-2.0	-1.0	0.0	0.0	-3.0	0.0	4.0	15.0	-3.0	-2.0	1.0	-1.0	0.0	0.0	-1.0	0.0	0.0	0.0	-1.0	0.0	1.0	-1.0	0.0	0.0	0.0	
0.0	0.0	0.0	0.0	0.0	0.0	0.0	0.0	0.0	0.0	0.0	0.0	-5.0	1.0	4.0	0.0	-1.0	0.0	1.0	0.0	0.0	-1.0	0.0	0.0	0.0	0.0	-2.0	0.0	0.0	1.0	-6.0	-4.0	2.0	2.0	3.0	3.0	1.0	-2.0	0.0	0.0	0.0	0.0	-1.0	0.0	0.0	0.0	0.0	0.0	0.0	0.0	0.0	
0.0	0.0	0.0	0.0	0.0	0.0	0.0	1.0	0.0	0.0	0.0	0.0	-8.0	4.0	-5.0	2.0	0.0	0.0	-1.0	0.0	0.0	0.0	0.0	-1.0	0.0	0.0	0.0	-1.0	0.0	0.0	-6.0	-5.0	-1.0	25.0	1.0	0.0	1.0	0.0	0.0	1.0	0.0	-1.0	0.0	0.0	0.0	0.0	0.0	0.0	0.0	0.0	0.0	
0.0	0.0	0.0	0.0	0.0	0.0	0.0	0.0	0.0	-1.0	0.0	1.0	-1.0	0.0	4.0	1.0	0.0	1.0	0.0	-1.0	0.0	0.0	-1.0	0.0	-1.0	-1.0	-1.0	-1.0	0.0	0.0	-3.0	-2.0	-2.0	-9.0	11.0	0.0	0.0	0.0	1.0	0.0	0.0	-1.0	0.0	0.0	0.0	0.0	0.0	0.0	0.0	0.0	0.0	
0.0	0.0	0.0	0.0	0.0	0.0	0.0	0.0	0.0	0.0	0.0	-1.0	0.0	0.0	0.0	1.0	-1.0	-2.0	-3.0	0.0	-13.0	4.0	3.0	6.0	-1.0	-1.0	0.0	-2.0	1.0	-1.0	-4.0	4.0	0.0	5.0	-6.0	0.0	1.0	2.0	0.0	0.0	-1.0	0.0	0.0	0.0	-1.0	0.0	0.0	0.0	0.0	0.0	0.0	
0.0	0.0	0.0	0.0	0.0	0.0	0.0	0.0	0.0	-1.0	-1.0	-5.0	1.0	0.0	0.0	0.0	-2.0	2.0	-1.0	-1.0	9.0	6.0	-12.0	-6.0	-1.0	0.0	-1.0	-1.0	-1.0	-2.0	-3.0	12.0	-1.0	1.0	-9.0	4.0	1.0	0.0	0.0	-1.0	1.0	1.0	0.0	1.0	-1.0	0.0	0.0	-1.0	0.0	0.0	0.0	
0.0	0.0	0.0	0.0	0.0	0.0	0.0	0.0	0.0	0.0	-1.0	-4.0	2.0	1.0	1.0	-1.0	2.0	-1.0	7.0	-3.0	-44.0	15.0	-41.0	-14.0	1.0	0.0	0.0	0.0	1.0	-1.0	3.0	-2.0	-11.0	3.0	-13.0	2.0	1.0	1.0	0.0	-1.0	0.0	0.0	0.0	0.0	0.0	0.0	0.0	0.0	-1.0	-1.0	0.0	
0.0	0.0	0.0	0.0	0.0	0.0	0.0	0.0	0.0	0.0	1.0	-1.0	0.0	-1.0	2.0	0.0	1.0	-1.0	19.0	-18.0	-14.0	-36.0	2.0	8.0	-1.0	1.0	0.0	1.0	1.0	2.0	4.0	3.0	-10.0	2.0	-8.0	2.0	1.0	0.0	0.0	0.0	-1.0	0.0	0.0	0.0	0.0	-1.0	-1.0	0.0	0.0	0.0	0.0	
0.0	0.0	0.0	0.0	0.0	0.0	0.0	0.0	0.0	0.0	-1.0	0.0	11.0	4.0	4.0	1.0	10.0	-41.0	-29.0	-38.0	-1.0	3.0	2.0	1.0	2.0	-2.0	3.0	2.0	2.0	1.0	-1.0	1.0	7.0	0.0	0.0	5.0	-1.0	0.0	-1.0	2.0	-1.0	0.0	0.0	0.0	0.0	-1.0	0.0	0.0	0.0	0.0	0.0	
0.0	0.0	0.0	0.0	0.0	0.0	0.0	1.0	0.0	-1.0	2.0	2.0	-1.0	-11.0	-12.0	0.0	43.0	-14.0	-9.0	-16.0	1.0	0.0	-1.0	1.0	-1.0	7.0	-8.0	-6.0	0.0	1.0	-2.0	0.0	13.0	3.0	-2.0	-3.0	1.0	1.0	-3.0	1.0	-1.0	-1.0	-1.0	0.0	-1.0	-1.0	0.0	0.0	0.0	0.0	0.0	
0.0	0.0	0.0	0.0	0.0	0.0	0.0	0.0	1.0	0.0	-2.0	2.0	4.0	12.0	-30.0	-12.0	-18.0	14.0	3.0	10.0	0.0	-1.0	0.0	-1.0	-5.0	-1.0	13.0	7.0	0.0	-1.0	2.0	-2.0	-4.0	-15.0	-2.0	9.0	1.0	1.0	2.0	-1.0	-1.0	0.0	0.0	0.0	0.0	0.0	-1.0	0.0	0.0	0.0	0.0	
0.0	0.0	0.0	0.0	0.0	0.0	0.0	0.0	0.0	-1.0	-1.0	3.0	-15.0	0.0	-9.0	-10.0	-6.0	-1.0	-11.0	1.0	-1.0	0.0	0.0	1.0	4.0	-2.0	16.0	-14.0	0.0	1.0	-1.0	-1.0	3.0	-8.0	-2.0	0.0	3.0	0.0	-2.0	-2.0	-1.0	0.0	1.0	0.0	0.0	0.0	0.0	0.0	0.0	0.0	0.0	
0.0	0.0	0.0	0.0	0.0	0.0	0.0	1.0	0.0	-2.0	6.0	2.0	-1.0	-1.0	-2.0	0.0	1.0	-1.0	1.0	0.0	0.0	1.0	1.0	0.0	0.0	0.0	1.0	0.0	-14.0	2.0	-5.0	6.0	-1.0	7.0	7.0	0.0	5.0	-2.0	1.0	-1.0	0.0	0.0	0.0	0.0	0.0	0.0	0.0	0.0	0.0	0.0	0.0	
0.0	0.0	0.0	0.0	0.0	0.0	0.0	0.0	1.0	-1.0	0.0	0.0	0.0	0.0	1.0	0.0	0.0	-1.0	-1.0	0.0	0.0	0.0	0.0	0.0	0.0	2.0	0.0	1.0	15.0	-13.0	-2.0	-2.0	3.0	13.0	1.0	-3.0	2.0	-2.0	-3.0	-1.0	1.0	0.0	0.0	0.0	0.0	0.0	0.0	0.0	0.0	0.0	0.0	
0.0	0.0	0.0	0.0	0.0	0.0	0.0	0.0	0.0	0.0	0.0	0.0	-1.0	0.0	0.0	1.0	0.0	1.0	0.0	0.0	0.0	-1.0	0.0	-1.0	-1.0	1.0	0.0	0.0	2.0	14.0	-18.0	-5.0	-3.0	-5.0	-6.0	4.0	-11.0	6.0	0.0	0.0	0.0	0.0	0.0	0.0	0.0	0.0	0.0	0.0	0.0	0.0	0.0	
0.0	0.0	0.0	0.0	0.0	0.0	0.0	0.0	0.0	0.0	0.0	1.0	0.0	-1.0	0.0	-1.0	0.0	0.0	1.0	0.0	-1.0	0.0	0.0	0.0	0.0	-1.0	0.0	0.0	6.0	3.0	17.0	-15.0	3.0	3.0	-12.0	-3.0	7.0	7.0	0.0	-2.0	0.0	0.0	0.0	0.0	0.0	0.0	0.0	0.0	0.0	0.0	0.0	
0.0	0.0	0.0	0.0	0.0	0.0	0.0	0.0	0.0	0.0	1.0	0.0	0.0	-1.0	-1.0	-1.0	0.0	0.0	0.0	1.0	0.0	-1.0	0.0	0.0	1.0	0.0	1.0	-1.0	0.0	0.0	1.0	0.0	-11.0	-3.0	13.0	-7.0	11.0	-10.0	1.0	4.0	0.0	0.0	0.0	0.0	0.0	0.0	0.0	0.0	0.0	0.0	0.0	
0.0	0.0	0.0	0.0	0.0	0.0	0.0	0.0	0.0	0.0	0.0	0.0	0.0	0.0	0.0	0.0	0.0	0.0	0.0	0.0	0.0	0.0	0.0	0.0	1.0	0.0	0.0	0.0	0.0	0.0	0.0	0.0	10.0	8.0	-2.0	0.0	-1.0	-31.0	-3.0	1.0	0.0	0.0	0.0	0.0	0.0	0.0	0.0	0.0	0.0	0.0	0.0	
0.0	0.0	0.0	0.0	0.0	0.0	0.0	0.0	0.0	0.0	0.0	0.0	0.0	0.0	0.0	0.0	0.0	0.0	0.0	0.0	0.0	0.0	0.0	0.0	0.0	0.0	0.0	0.0	0.0	0.0	0.0	0.0	-2.0	2.0	21.0	-16.0	0.0	0.0	0.0	1.0	0.0	0.0	0.0	0.0	0.0	0.0	0.0	0.0	0.0	0.0	0.0	
}
Norm = 66986