Diag coefs green

Size: 51x51
{
0.0	0.0	0.0	0.0	0.0	0.0	0.0	0.0	0.0	0.0	0.0	0.0	0.0	0.0	0.0	2.0	-1.0	1.0	0.0	0.0	-3.0	-4.0	-1.0	0.0	0.0	-1.0	3.0	1.0	0.0	0.0	0.0	0.0	0.0	0.0	0.0	0.0	0.0	0.0	0.0	0.0	0.0	0.0	0.0	0.0	0.0	0.0	0.0	0.0	0.0	0.0	0.0	
0.0	0.0	0.0	0.0	0.0	0.0	0.0	0.0	0.0	0.0	0.0	0.0	0.0	0.0	0.0	-1.0	-3.0	1.0	0.0	0.0	-11.0	16.0	14.0	52.0	49.0	-38.0	-7.0	-2.0	0.0	0.0	0.0	0.0	0.0	0.0	0.0	0.0	0.0	0.0	0.0	0.0	0.0	0.0	0.0	0.0	0.0	0.0	0.0	0.0	0.0	0.0	0.0	
0.0	0.0	0.0	0.0	0.0	0.0	0.0	0.0	0.0	0.0	0.0	0.0	0.0	0.0	0.0	0.0	0.0	1.0	1.0	0.0	2.0	7.0	-77.0	12.0	11.0	103.0	8.0	-1.0	0.0	0.0	-2.0	0.0	0.0	0.0	0.0	0.0	0.0	0.0	0.0	0.0	0.0	0.0	0.0	0.0	0.0	0.0	0.0	0.0	0.0	0.0	0.0	
0.0	0.0	0.0	0.0	0.0	0.0	0.0	0.0	0.0	0.0	0.0	0.0	0.0	0.0	0.0	0.0	0.0	-3.0	1.0	-4.0	10.0	1.0	-82.0	-11.0	12.0	89.0	8.0	6.0	1.0	1.0	-3.0	0.0	0.0	0.0	0.0	0.0	0.0	0.0	0.0	0.0	0.0	0.0	0.0	0.0	0.0	0.0	0.0	0.0	0.0	0.0	0.0	
0.0	0.0	0.0	0.0	0.0	0.0	0.0	0.0	0.0	0.0	0.0	0.0	0.0	0.0	0.0	0.0	1.0	-2.0	-1.0	-4.0	9.0	0.0	-32.0	-35.0	6.0	-15.0	15.0	3.0	1.0	0.0	-3.0	0.0	0.0	0.0	0.0	0.0	0.0	0.0	0.0	0.0	0.0	0.0	0.0	0.0	0.0	0.0	0.0	0.0	0.0	0.0	0.0	
0.0	0.0	0.0	0.0	0.0	0.0	0.0	0.0	0.0	0.0	0.0	0.0	0.0	0.0	0.0	0.0	1.0	-3.0	0.0	4.0	-10.0	-2.0	4.0	-49.0	-14.0	-6.0	49.0	-9.0	-1.0	-2.0	1.0	0.0	0.0	0.0	0.0	0.0	0.0	0.0	0.0	0.0	0.0	0.0	0.0	0.0	0.0	0.0	0.0	0.0	0.0	0.0	0.0	
0.0	0.0	0.0	0.0	0.0	0.0	0.0	0.0	0.0	0.0	0.0	0.0	0.0	0.0	0.0	0.0	0.0	-3.0	3.0	2.0	18.0	-1.0	4.0	-42.0	-10.0	-3.0	64.0	17.0	-2.0	0.0	2.0	1.0	0.0	0.0	0.0	0.0	0.0	0.0	0.0	0.0	0.0	0.0	0.0	0.0	0.0	0.0	0.0	0.0	0.0	0.0	0.0	
1.0	0.0	0.0	0.0	0.0	0.0	0.0	0.0	0.0	0.0	0.0	0.0	0.0	0.0	0.0	0.0	0.0	0.0	4.0	0.0	-14.0	-2.0	2.0	-25.0	7.0	-2.0	1.0	-1.0	-2.0	0.0	-4.0	1.0	-1.0	0.0	0.0	0.0	0.0	0.0	0.0	0.0	0.0	0.0	0.0	0.0	0.0	0.0	0.0	0.0	0.0	0.0	0.0	
0.0	0.0	0.0	0.0	0.0	0.0	0.0	0.0	0.0	0.0	0.0	0.0	0.0	0.0	0.0	0.0	0.0	-1.0	0.0	17.0	-5.0	1.0	-1.0	-4.0	-7.0	-1.0	-37.0	-27.0	3.0	0.0	1.0	0.0	-2.0	0.0	0.0	0.0	0.0	0.0	0.0	0.0	0.0	0.0	0.0	0.0	0.0	0.0	0.0	0.0	0.0	0.0	0.0	
0.0	0.0	0.0	0.0	0.0	0.0	0.0	0.0	0.0	1.0	1.0	0.0	0.0	0.0	0.0	0.0	0.0	-2.0	5.0	7.0	-4.0	-2.0	1.0	2.0	-15.0	-4.0	-20.0	60.0	-1.0	0.0	2.0	-1.0	-1.0	0.0	0.0	0.0	0.0	0.0	0.0	0.0	0.0	0.0	0.0	0.0	0.0	0.0	0.0	0.0	0.0	0.0	0.0	
0.0	0.0	0.0	0.0	0.0	0.0	0.0	0.0	0.0	0.0	0.0	0.0	0.0	0.0	0.0	0.0	3.0	-1.0	-7.0	0.0	-4.0	-2.0	-1.0	-3.0	-17.0	-3.0	-3.0	-25.0	0.0	2.0	0.0	-1.0	0.0	0.0	0.0	0.0	0.0	0.0	0.0	0.0	0.0	0.0	0.0	0.0	0.0	0.0	0.0	0.0	0.0	0.0	0.0	
0.0	0.0	0.0	0.0	0.0	0.0	1.0	0.0	0.0	0.0	-1.0	0.0	0.0	0.0	0.0	0.0	4.0	1.0	-14.0	-5.0	-2.0	-2.0	1.0	1.0	-11.0	-8.0	5.0	19.0	2.0	2.0	-3.0	0.0	0.0	0.0	0.0	0.0	0.0	0.0	0.0	0.0	0.0	0.0	0.0	0.0	0.0	0.0	0.0	0.0	0.0	0.0	0.0	
-1.0	0.0	0.0	0.0	0.0	-1.0	-1.0	0.0	0.0	1.0	2.0	3.0	0.0	0.0	0.0	1.0	7.0	1.0	15.0	-7.0	-1.0	-1.0	-3.0	1.0	-13.0	9.0	15.0	18.0	-43.0	-2.0	11.0	1.0	0.0	0.0	0.0	0.0	0.0	0.0	0.0	0.0	0.0	0.0	0.0	0.0	0.0	0.0	0.0	0.0	0.0	0.0	0.0	
0.0	0.0	0.0	-1.0	-2.0	-2.0	-2.0	-1.0	-2.0	-4.0	-4.0	-4.0	0.0	0.0	0.0	1.0	-3.0	6.0	-3.0	-9.0	1.0	-2.0	-1.0	-1.0	10.0	31.0	11.0	-9.0	66.0	-2.0	-6.0	0.0	0.0	0.0	0.0	0.0	0.0	0.0	0.0	0.0	0.0	0.0	0.0	0.0	0.0	0.0	0.0	0.0	0.0	0.0	0.0	
0.0	0.0	0.0	0.0	3.0	-2.0	-3.0	-3.0	-1.0	-1.0	2.0	1.0	-1.0	0.0	0.0	1.0	-5.0	8.0	-6.0	-1.0	-1.0	0.0	-2.0	-2.0	3.0	-35.0	-7.0	0.0	53.0	-1.0	-3.0	2.0	0.0	0.0	0.0	0.0	0.0	0.0	0.0	0.0	0.0	0.0	0.0	0.0	0.0	0.0	0.0	0.0	0.0	0.0	0.0	
0.0	0.0	0.0	0.0	13.0	15.0	24.0	34.0	38.0	33.0	16.0	10.0	0.0	2.0	2.0	2.0	-2.0	25.0	3.0	5.0	0.0	-1.0	-1.0	0.0	12.0	-24.0	-10.0	3.0	15.0	-18.0	-1.0	12.0	1.0	1.0	1.0	0.0	0.0	0.0	0.0	0.0	0.0	0.0	0.0	0.0	0.0	0.0	0.0	0.0	0.0	0.0	0.0	
0.0	-1.0	1.0	1.0	-6.0	-16.0	-27.0	-36.0	-29.0	-26.0	-18.0	-10.0	25.0	52.0	65.0	54.0	31.0	6.0	14.0	20.0	-1.0	-1.0	0.0	2.0	8.0	-5.0	-66.0	3.0	2.0	-57.0	2.0	6.0	0.0	0.0	-2.0	0.0	0.0	0.0	0.0	0.0	0.0	-1.0	0.0	0.0	0.0	-1.0	-1.0	-1.0	0.0	0.0	0.0	
0.0	0.0	2.0	-1.0	-1.0	-2.0	8.0	7.0	10.0	1.0	-9.0	-13.0	-28.0	-54.0	-66.0	-43.0	-11.0	27.0	-7.0	-2.0	1.0	-1.0	2.0	0.0	-4.0	0.0	-79.0	8.0	28.0	107.0	-2.0	0.0	-5.0	-2.0	-1.0	-1.0	0.0	2.0	3.0	1.0	0.0	0.0	0.0	0.0	0.0	0.0	0.0	0.0	0.0	0.0	0.0	
0.0	0.0	0.0	-1.0	0.0	2.0	3.0	0.0	-7.0	-6.0	-5.0	-5.0	-3.0	7.0	2.0	-4.0	-19.0	-4.0	-5.0	-8.0	1.0	2.0	2.0	0.0	-9.0	-6.0	-73.0	2.0	21.0	92.0	17.0	0.0	0.0	0.0	0.0	0.0	-1.0	-2.0	-2.0	0.0	2.0	1.0	1.0	1.0	1.0	1.0	1.0	2.0	0.0	0.0	0.0	
0.0	0.0	1.0	0.0	-5.0	3.0	5.0	6.0	-3.0	0.0	2.0	3.0	-5.0	0.0	-3.0	-7.0	-5.0	-1.0	5.0	-14.0	1.0	0.0	1.0	0.0	-1.0	-9.0	-40.0	-78.0	-20.0	42.0	94.0	116.0	89.0	71.0	36.0	-8.0	4.0	0.0	0.0	0.0	2.0	0.0	1.0	0.0	1.0	1.0	1.0	0.0	0.0	0.0	0.0	
0.0	0.0	0.0	0.0	-1.0	-2.0	-5.0	-2.0	-1.0	2.0	4.0	3.0	1.0	1.0	0.0	1.0	0.0	0.0	0.0	1.0	2.0	1.0	0.0	2.0	4.0	2.0	-6.0	-10.0	-59.0	-89.0	-100.0	-86.0	-51.0	-21.0	26.0	64.0	70.0	79.0	71.0	39.0	5.0	6.0	3.0	1.0	-10.0	-1.0	-3.0	3.0	0.0	0.0	0.0	
0.0	0.0	0.0	0.0	1.0	0.0	-4.0	-6.0	-2.0	0.0	3.0	3.0	1.0	1.0	1.0	1.0	0.0	0.0	0.0	1.0	1.0	1.0	0.0	0.0	4.0	5.0	3.0	0.0	1.0	17.0	13.0	3.0	-13.0	-34.0	-61.0	-66.0	-67.0	-55.0	-18.0	-1.0	-5.0	31.0	53.0	69.0	40.0	1.0	3.0	5.0	0.0	0.0	0.0	
0.0	0.0	0.0	0.0	-1.0	-2.0	2.0	-7.0	-3.0	-4.0	-1.0	0.0	1.0	0.0	1.0	1.0	2.0	2.0	2.0	2.0	1.0	1.0	0.0	0.0	1.0	6.0	6.0	5.0	9.0	1.0	-6.0	-5.0	3.0	10.0	11.0	5.0	4.0	-8.0	-16.0	-18.0	-36.0	-34.0	41.0	38.0	34.0	-37.0	5.0	-1.0	0.0	0.0	0.0	
0.0	-1.0	-1.0	-1.0	-3.0	1.0	-1.0	-2.0	-2.0	3.0	2.0	1.0	0.0	2.0	-1.0	1.0	2.0	2.0	1.0	1.0	2.0	1.0	1.0	1.0	2.0	-1.0	2.0	4.0	14.0	11.0	4.0	1.0	-7.0	-5.0	-3.0	0.0	8.0	8.0	3.0	-5.0	21.0	22.0	34.0	-8.0	2.0	-11.0	0.0	-1.0	0.0	0.0	0.0	
0.0	0.0	0.0	0.0	0.0	0.0	0.0	0.0	2.0	3.0	3.0	0.0	4.0	0.0	-3.0	-1.0	2.0	-1.0	0.0	2.0	3.0	2.0	2.0	1.0	0.0	1.0	1.0	1.0	2.0	2.0	5.0	5.0	3.0	4.0	3.0	2.0	-1.0	13.0	11.0	7.0	-25.0	15.0	21.0	-17.0	0.0	-1.0	-1.0	1.0	0.0	0.0	0.0	
0.0	0.0	0.0	0.0	0.0	0.0	0.0	0.0	0.0	-1.0	-13.0	1.0	4.0	3.0	1.0	-2.0	2.0	0.0	1.0	1.0	3.0	2.0	2.0	2.0	4.0	2.0	2.0	4.0	3.0	1.0	2.0	3.0	5.0	4.0	3.0	3.0	3.0	-3.0	6.0	2.0	15.0	-65.0	-14.0	-5.0	-2.0	-1.0	1.0	1.0	-1.0	-1.0	-1.0	
0.0	0.0	0.0	0.0	0.0	0.0	0.0	0.0	-4.0	-1.0	-3.0	-11.0	-1.0	1.0	2.0	4.0	2.0	1.0	0.0	3.0	5.0	2.0	3.0	3.0	6.0	6.0	5.0	5.0	4.0	2.0	2.0	1.0	0.0	0.0	0.0	-1.0	12.0	1.0	32.0	8.0	-23.0	-1.0	0.0	-8.0	-2.0	0.0	0.0	-2.0	-1.0	-1.0	-1.0	
0.0	0.0	0.0	0.0	0.0	0.0	0.0	0.0	0.0	0.0	5.0	-5.0	0.0	3.0	-1.0	4.0	3.0	0.0	0.0	2.0	1.0	0.0	1.0	2.0	4.0	3.0	4.0	4.0	2.0	0.0	1.0	2.0	-1.0	-1.0	1.0	-1.0	-10.0	29.0	-58.0	-26.0	-3.0	0.0	8.0	-9.0	-1.0	-1.0	0.0	-1.0	0.0	0.0	0.0	
0.0	0.0	0.0	0.0	0.0	0.0	0.0	0.0	1.0	0.0	0.0	1.0	5.0	-12.0	13.0	1.0	3.0	2.0	-1.0	3.0	3.0	3.0	2.0	3.0	1.0	1.0	0.0	2.0	-15.0	14.0	5.0	0.0	20.0	1.0	-7.0	46.0	-8.0	-32.0	-9.0	-3.0	-1.0	0.0	-1.0	-1.0	0.0	0.0	0.0	0.0	0.0	0.0	0.0	
0.0	0.0	0.0	0.0	0.0	0.0	0.0	1.0	1.0	0.0	0.0	-1.0	-1.0	-6.0	17.0	5.0	8.0	5.0	5.0	5.0	4.0	3.0	4.0	4.0	1.0	1.0	3.0	2.0	1.0	-1.0	3.0	5.0	-20.0	13.0	11.0	-67.0	-23.0	4.0	-4.0	-1.0	-2.0	-1.0	-2.0	-1.0	0.0	0.0	0.0	0.0	0.0	0.0	0.0	
0.0	0.0	0.0	0.0	0.0	0.0	0.0	2.0	1.0	-3.0	0.0	0.0	0.0	26.0	9.0	10.0	5.0	3.0	3.0	2.0	1.0	0.0	0.0	0.0	2.0	3.0	2.0	2.0	0.0	3.0	4.0	-5.0	77.0	-1.0	-17.0	4.0	-2.0	5.0	6.0	1.0	0.0	0.0	-1.0	-1.0	1.0	1.0	1.0	1.0	0.0	0.0	0.0	
0.0	0.0	0.0	0.0	0.0	0.0	0.0	2.0	0.0	-3.0	0.0	0.0	-1.0	45.0	21.0	3.0	1.0	1.0	1.0	1.0	2.0	1.0	0.0	0.0	1.0	-1.0	0.0	-1.0	2.0	-6.0	5.0	11.0	-54.0	10.0	-17.0	14.0	-3.0	-4.0	0.0	3.0	0.0	0.0	0.0	0.0	-1.0	1.0	1.0	0.0	0.0	0.0	0.0	
0.0	0.0	0.0	0.0	0.0	1.0	1.0	1.0	0.0	1.0	0.0	1.0	-1.0	6.0	8.0	6.0	0.0	1.0	1.0	2.0	2.0	1.0	1.0	-1.0	-1.0	1.0	-3.0	-1.0	2.0	3.0	27.0	-4.0	7.0	-65.0	0.0	5.0	2.0	5.0	0.0	1.0	0.0	-1.0	0.0	0.0	0.0	0.0	-1.0	0.0	0.0	0.0	0.0	
0.0	0.0	0.0	0.0	0.0	1.0	1.0	1.0	0.0	-2.0	0.0	1.0	2.0	12.0	-15.0	3.0	1.0	-1.0	0.0	1.0	0.0	-2.0	-2.0	1.0	0.0	-1.0	-1.0	0.0	-3.0	1.0	16.0	10.0	-4.0	101.0	-9.0	-3.0	-3.0	1.0	0.0	-2.0	2.0	0.0	0.0	0.0	0.0	0.0	0.0	0.0	0.0	0.0	0.0	
0.0	0.0	0.0	0.0	0.0	1.0	1.0	-1.0	-1.0	0.0	0.0	1.0	-13.0	12.0	10.0	8.0	1.0	0.0	0.0	2.0	-1.0	-1.0	-1.0	0.0	0.0	-1.0	-1.0	-2.0	-9.0	-5.0	0.0	17.0	5.0	-38.0	5.0	0.0	3.0	4.0	0.0	1.0	-1.0	1.0	0.0	1.0	0.0	0.0	0.0	0.0	0.0	0.0	0.0	
0.0	0.0	0.0	0.0	0.0	1.0	1.0	0.0	0.0	0.0	0.0	2.0	-26.0	7.0	-14.0	-4.0	2.0	2.0	1.0	1.0	-1.0	0.0	-1.0	-2.0	0.0	-2.0	0.0	1.0	-12.0	-6.0	-8.0	20.0	-6.0	22.0	-31.0	5.0	5.0	9.0	8.0	7.0	0.0	0.0	-1.0	0.0	0.0	0.0	0.0	0.0	0.0	0.0	0.0	
0.0	0.0	0.0	0.0	0.0	0.0	0.0	0.0	-3.0	5.0	-5.0	-1.0	-16.0	-6.0	4.0	8.0	-8.0	7.0	8.0	-1.0	-1.0	-19.0	8.0	-14.0	-2.0	-2.0	-1.0	2.0	-5.0	-19.0	-10.0	-63.0	9.0	-1.0	84.0	9.0	6.0	-3.0	-2.0	2.0	-2.0	-2.0	0.0	0.0	0.0	0.0	0.0	0.0	0.0	0.0	0.0	
0.0	0.0	0.0	0.0	0.0	0.0	0.0	0.0	-1.0	3.0	-2.0	-3.0	-12.0	-3.0	-3.0	7.0	0.0	-5.0	0.0	6.0	-8.0	-14.0	23.0	-7.0	-2.0	-3.0	-1.0	0.0	2.0	-2.0	0.0	-50.0	8.0	13.0	70.0	-5.0	7.0	6.0	-4.0	-5.0	5.0	4.0	0.0	1.0	1.0	1.0	1.0	0.0	1.0	0.0	0.0	
0.0	0.0	0.0	0.0	0.0	0.0	0.0	0.0	0.0	-2.0	0.0	-10.0	-9.0	0.0	6.0	6.0	3.0	-6.0	-10.0	-17.0	11.0	-49.0	-15.0	7.0	-3.0	-3.0	1.0	-1.0	-2.0	2.0	7.0	4.0	25.0	4.0	42.0	-15.0	3.0	-2.0	5.0	8.0	8.0	8.0	5.0	4.0	1.0	1.0	2.0	1.0	0.0	1.0	0.0	
0.0	0.0	0.0	0.0	0.0	0.0	0.0	0.0	0.0	-3.0	0.0	-17.0	-9.0	2.0	5.0	2.0	-5.0	4.0	23.0	36.0	-41.0	-2.0	7.0	-35.0	-4.0	-5.0	-4.0	0.0	1.0	-3.0	15.0	-17.0	-54.0	-3.0	16.0	29.0	-4.0	0.0	1.0	6.0	5.0	6.0	3.0	2.0	0.0	0.0	1.0	0.0	0.0	0.0	-1.0	
0.0	0.0	0.0	0.0	0.0	0.0	0.0	0.0	6.0	0.0	-1.0	-27.0	-10.0	20.0	-25.0	20.0	-6.0	31.0	-90.0	-16.0	17.0	11.0	7.0	9.0	11.0	-10.0	-5.0	1.0	0.0	-1.0	7.0	5.0	-69.0	5.0	6.0	61.0	-4.0	2.0	-4.0	0.0	-3.0	-1.0	-1.0	-1.0	0.0	0.0	-1.0	0.0	0.0	0.0	0.0	
0.0	0.0	0.0	0.0	0.0	0.0	0.0	1.0	-3.0	0.0	4.0	-21.0	-6.0	0.0	-26.0	28.0	-8.0	-27.0	23.0	18.0	7.0	4.0	0.0	-5.0	0.0	0.0	-4.0	-16.0	-6.0	-2.0	5.0	7.0	-50.0	-2.0	-8.0	70.0	-1.0	2.0	-10.0	3.0	-5.0	-3.0	-2.0	-2.0	0.0	-1.0	0.0	-1.0	0.0	0.0	0.0	
0.0	0.0	0.0	0.0	0.0	0.0	0.0	1.0	0.0	-3.0	-7.0	-19.0	3.0	2.0	4.0	-52.0	10.0	-1.0	3.0	5.0	-8.0	-12.0	-11.0	-14.0	-14.0	-30.0	0.0	0.0	-5.0	-5.0	2.0	5.0	-1.0	-25.0	5.0	-23.0	12.0	-5.0	9.0	11.0	-1.0	-1.0	0.0	0.0	-1.0	0.0	0.0	0.0	0.0	0.0	0.0	
0.0	0.0	0.0	0.0	0.0	0.0	0.0	1.0	-3.0	6.0	13.0	19.0	2.0	-10.0	-31.0	-4.0	-30.0	1.0	-29.0	-35.0	-20.0	-17.0	-16.0	-17.0	-16.0	4.0	-24.0	-32.0	-3.0	-8.0	4.0	0.0	-21.0	-46.0	-3.0	9.0	16.0	-11.0	-8.0	11.0	0.0	0.0	1.0	1.0	0.0	-1.0	0.0	0.0	0.0	0.0	0.0	
0.0	0.0	0.0	0.0	0.0	0.0	0.0	-1.0	-2.0	-1.0	-13.0	-19.0	-15.0	-10.0	-8.0	-6.0	0.0	0.0	-1.0	1.0	1.0	1.0	1.0	-1.0	-1.0	-3.0	-3.0	-1.0	-25.0	-6.0	-9.0	-10.0	-5.0	-69.0	4.0	4.0	42.0	10.0	-10.0	-2.0	-1.0	0.0	0.0	0.0	0.0	0.0	0.0	0.0	0.0	0.0	0.0	
0.0	0.0	0.0	0.0	0.0	0.0	0.0	0.0	-3.0	0.0	0.0	0.0	0.0	0.0	1.0	2.0	-2.0	-2.0	0.0	0.0	0.0	0.0	-1.0	-1.0	0.0	-2.0	-2.0	-1.0	-17.0	-32.0	-3.0	11.0	14.0	-45.0	10.0	-4.0	57.0	-10.0	-17.0	-2.0	-2.0	0.0	0.0	0.0	0.0	0.0	0.0	0.0	0.0	0.0	0.0	
0.0	0.0	0.0	0.0	0.0	0.0	0.0	0.0	0.0	0.0	0.0	1.0	1.0	0.0	-4.0	-5.0	-1.0	-2.0	-1.0	-1.0	0.0	-1.0	-1.0	-1.0	2.0	0.0	-1.0	-3.0	9.0	-20.0	-31.0	-8.0	-4.0	5.0	23.0	-5.0	45.0	-30.0	13.0	0.0	-2.0	0.0	0.0	0.0	0.0	0.0	0.0	0.0	0.0	0.0	0.0	
0.0	0.0	0.0	0.0	0.0	0.0	0.0	0.0	0.0	0.0	2.0	-1.0	2.0	1.0	1.0	0.0	0.0	0.0	-1.0	1.0	0.0	-1.0	-1.0	1.0	1.0	-2.0	0.0	0.0	-6.0	9.0	-26.0	32.0	-3.0	-2.0	-59.0	-6.0	-6.0	48.0	12.0	-2.0	-2.0	0.0	0.0	0.0	0.0	0.0	0.0	0.0	0.0	0.0	0.0	
0.0	0.0	0.0	0.0	0.0	0.0	0.0	0.0	0.0	0.0	-1.0	-1.0	-1.0	0.0	0.0	0.0	0.0	0.0	0.0	-1.0	-1.0	0.0	0.0	0.0	-1.0	0.0	1.0	0.0	-2.0	-3.0	-2.0	-2.0	-32.0	21.0	-91.0	-23.0	-6.0	52.0	0.0	-11.0	0.0	0.0	0.0	0.0	0.0	0.0	0.0	0.0	0.0	0.0	0.0	
0.0	0.0	0.0	0.0	0.0	0.0	0.0	0.0	0.0	0.0	0.0	0.0	0.0	0.0	0.0	0.0	0.0	0.0	0.0	0.0	0.0	0.0	0.0	0.0	0.0	1.0	1.0	-1.0	0.0	0.0	0.0	-1.0	-17.0	-4.0	59.0	-28.0	-31.0	-3.0	-2.0	-1.0	0.0	0.0	0.0	0.0	0.0	0.0	0.0	0.0	0.0	0.0	0.0	
0.0	0.0	0.0	0.0	0.0	0.0	0.0	0.0	0.0	0.0	0.0	0.0	0.0	0.0	0.0	0.0	0.0	0.0	0.0	0.0	0.0	0.0	0.0	0.0	0.0	1.0	1.0	-1.0	0.0	0.0	0.0	0.0	-3.0	-34.0	-51.0	-15.0	-5.0	-3.0	0.0	5.0	0.0	0.0	0.0	0.0	0.0	0.0	0.0	0.0	0.0	0.0	0.0	
}
Norm = 497688