Vert coefs green

Size: 51x51
{
0.0	0.0	0.0	0.0	0.0	0.0	0.0	0.0	0.0	0.0	0.0	0.0	0.0	0.0	0.0	4.0	0.0	-4.0	0.0	0.0	6.0	5.0	-4.0	0.0	-6.0	-21.0	-13.0	-3.0	0.0	0.0	0.0	0.0	0.0	0.0	0.0	0.0	0.0	0.0	0.0	0.0	0.0	0.0	0.0	0.0	0.0	0.0	0.0	0.0	0.0	0.0	0.0	
0.0	0.0	0.0	0.0	0.0	0.0	0.0	0.0	0.0	0.0	0.0	0.0	0.0	0.0	0.0	1.0	0.0	0.0	0.0	-1.0	-19.0	-5.0	50.0	23.0	20.0	-40.0	-10.0	1.0	0.0	0.0	-1.0	0.0	0.0	0.0	0.0	0.0	0.0	0.0	0.0	0.0	0.0	0.0	0.0	0.0	0.0	0.0	0.0	0.0	0.0	0.0	0.0	
0.0	0.0	0.0	0.0	0.0	0.0	0.0	0.0	0.0	0.0	0.0	0.0	0.0	0.0	0.0	0.0	0.0	1.0	3.0	-2.0	-1.0	-20.0	142.0	5.0	0.0	-173.0	-20.0	-5.0	0.0	2.0	-3.0	0.0	0.0	0.0	0.0	0.0	0.0	0.0	0.0	0.0	0.0	0.0	0.0	0.0	0.0	0.0	0.0	0.0	0.0	0.0	0.0	
0.0	0.0	0.0	0.0	0.0	0.0	0.0	0.0	0.0	0.0	0.0	0.0	0.0	0.0	0.0	0.0	0.0	8.0	2.0	-7.0	22.0	-19.0	126.0	-1.0	-36.0	-153.0	-2.0	6.0	2.0	1.0	-6.0	0.0	0.0	0.0	0.0	0.0	0.0	0.0	0.0	0.0	0.0	0.0	0.0	0.0	0.0	0.0	0.0	0.0	0.0	0.0	0.0	
0.0	0.0	0.0	0.0	0.0	0.0	0.0	0.0	0.0	0.0	0.0	0.0	0.0	0.0	0.0	0.0	0.0	7.0	-2.0	-8.0	23.0	-3.0	53.0	46.0	-22.0	-47.0	-20.0	8.0	2.0	0.0	-6.0	0.0	0.0	0.0	0.0	0.0	0.0	0.0	0.0	0.0	0.0	0.0	0.0	0.0	0.0	0.0	0.0	0.0	0.0	0.0	0.0	
0.0	0.0	0.0	0.0	0.0	0.0	0.0	0.0	0.0	0.0	0.0	0.0	0.0	0.0	0.0	0.0	0.0	4.0	-3.0	-6.0	-12.0	8.0	18.0	62.0	4.0	5.0	-73.0	-10.0	-1.0	0.0	-1.0	0.0	0.0	0.0	0.0	0.0	0.0	0.0	0.0	0.0	0.0	0.0	0.0	0.0	0.0	0.0	0.0	0.0	0.0	0.0	0.0	
0.0	0.0	0.0	0.0	0.0	0.0	0.0	0.0	0.0	0.0	0.0	0.0	0.0	0.0	0.0	0.0	0.0	2.0	4.0	-1.0	-33.0	9.0	-5.0	62.0	0.0	-14.0	-108.0	-30.0	-4.0	0.0	4.0	-1.0	0.0	0.0	0.0	0.0	0.0	0.0	0.0	0.0	0.0	0.0	0.0	0.0	0.0	0.0	0.0	0.0	0.0	0.0	0.0	
0.0	-1.0	-1.0	0.0	0.0	0.0	0.0	0.0	0.0	0.0	0.0	0.0	0.0	0.0	0.0	0.0	0.0	0.0	6.0	2.0	-30.0	-1.0	2.0	44.0	10.0	-10.0	-21.0	-10.0	-4.0	0.0	6.0	0.0	-2.0	0.0	0.0	0.0	0.0	0.0	0.0	0.0	0.0	0.0	0.0	0.0	0.0	0.0	0.0	0.0	0.0	0.0	0.0	
0.0	0.0	0.0	0.0	0.0	0.0	0.0	0.0	0.0	0.0	0.0	0.0	0.0	0.0	0.0	-1.0	0.0	4.0	-1.0	36.0	-8.0	-4.0	1.0	6.0	7.0	1.0	63.0	-42.0	-3.0	0.0	3.0	0.0	-4.0	0.0	0.0	0.0	0.0	0.0	0.0	0.0	0.0	0.0	0.0	0.0	0.0	0.0	0.0	0.0	0.0	0.0	0.0	
0.0	0.0	0.0	-1.0	0.0	0.0	0.0	0.0	1.0	0.0	0.0	0.0	0.0	0.0	0.0	0.0	0.0	2.0	3.0	19.0	-8.0	-4.0	2.0	5.0	19.0	-2.0	24.0	-98.0	-4.0	-1.0	3.0	0.0	-3.0	0.0	0.0	0.0	0.0	0.0	0.0	0.0	0.0	0.0	0.0	0.0	0.0	0.0	0.0	0.0	0.0	0.0	0.0	
0.0	0.0	0.0	0.0	0.0	0.0	0.0	0.0	1.0	0.0	0.0	-1.0	0.0	0.0	0.0	0.0	5.0	-2.0	21.0	5.0	-8.0	-4.0	1.0	4.0	21.0	2.0	1.0	-70.0	1.0	-2.0	0.0	1.0	0.0	0.0	0.0	0.0	0.0	0.0	0.0	0.0	0.0	0.0	0.0	0.0	0.0	0.0	0.0	0.0	0.0	0.0	0.0	
0.0	-1.0	0.0	0.0	0.0	0.0	-1.0	1.0	0.0	0.0	-2.0	0.0	0.0	0.0	0.0	0.0	9.0	-4.0	30.0	-9.0	-5.0	-3.0	-1.0	3.0	16.0	12.0	8.0	21.0	4.0	-1.0	-5.0	0.0	0.0	0.0	0.0	0.0	0.0	0.0	0.0	0.0	0.0	0.0	0.0	0.0	0.0	0.0	0.0	0.0	0.0	0.0	0.0	
0.0	0.0	0.0	0.0	0.0	1.0	0.0	0.0	0.0	1.0	1.0	0.0	0.0	0.0	0.0	2.0	15.0	6.0	37.0	-14.0	-3.0	-3.0	-4.0	0.0	23.0	10.0	-22.0	36.0	-76.0	-7.0	-20.0	4.0	0.0	0.0	0.0	0.0	0.0	0.0	0.0	0.0	0.0	0.0	0.0	0.0	0.0	0.0	0.0	0.0	0.0	0.0	0.0	
0.0	-1.0	0.0	-1.0	1.0	0.0	1.0	1.0	0.0	-1.0	0.0	0.0	1.0	0.0	0.0	2.0	0.0	-9.0	1.0	-19.0	-4.0	-3.0	-2.0	-2.0	21.0	51.0	7.0	27.0	-109.0	7.0	-15.0	0.0	0.0	0.0	0.0	0.0	0.0	0.0	0.0	0.0	0.0	0.0	0.0	0.0	0.0	0.0	0.0	0.0	0.0	0.0	0.0	
0.0	0.0	0.0	-1.0	-1.0	-2.0	-1.0	0.0	0.0	0.0	3.0	2.0	1.0	0.0	0.0	2.0	-9.0	8.0	-13.0	-8.0	0.0	-1.0	-3.0	-3.0	11.0	61.0	22.0	16.0	-84.0	6.0	-7.0	-1.0	0.0	0.0	0.0	0.0	0.0	0.0	0.0	0.0	0.0	0.0	0.0	0.0	0.0	0.0	0.0	0.0	0.0	0.0	0.0	
0.0	0.0	0.0	0.0	1.0	9.0	8.0	3.0	-3.0	-7.0	-6.0	-2.0	0.0	0.0	0.0	0.0	-5.0	43.0	-2.0	7.0	-1.0	-2.0	-1.0	-2.0	-15.0	37.0	18.0	7.0	-13.0	-29.0	3.0	18.0	1.0	0.0	0.0	0.0	0.0	0.0	0.0	0.0	0.0	0.0	0.0	-1.0	-1.0	0.0	0.0	0.0	0.0	0.0	0.0	
0.0	1.0	2.0	0.0	-5.0	0.0	8.0	7.0	7.0	11.0	12.0	7.0	3.0	-3.0	-14.0	-12.0	-5.0	13.0	-6.0	-20.0	-1.0	-2.0	-1.0	4.0	1.0	-7.0	112.0	12.0	18.0	-92.0	5.0	20.0	0.0	-2.0	1.0	0.0	0.0	0.0	0.0	0.0	1.0	0.0	0.0	-1.0	-1.0	-1.0	-1.0	-1.0	0.0	0.0	0.0	
0.0	0.0	3.0	1.0	-5.0	-7.0	-4.0	1.0	2.0	1.0	1.0	1.0	6.0	17.0	31.0	14.0	0.0	-89.0	4.0	-12.0	0.0	-2.0	-2.0	3.0	0.0	11.0	153.0	2.0	-31.0	-173.0	-6.0	1.0	-2.0	-2.0	0.0	0.0	0.0	0.0	0.0	-2.0	-1.0	0.0	0.0	0.0	0.0	0.0	0.0	0.0	0.0	0.0	0.0	
0.0	0.0	0.0	-1.0	2.0	3.0	-1.0	-2.0	2.0	1.0	3.0	2.0	2.0	4.0	4.0	2.0	19.0	-18.0	-2.0	-1.0	0.0	-2.0	-2.0	-1.0	-12.0	3.0	128.0	23.0	-23.0	-137.0	-11.0	-1.0	-2.0	0.0	0.0	0.0	1.0	1.0	0.0	-3.0	-2.0	0.0	0.0	0.0	0.0	0.0	0.0	1.0	0.0	0.0	0.0	
0.0	0.0	2.0	-1.0	5.0	5.0	-3.0	-5.0	0.0	0.0	1.0	0.0	2.0	1.0	-3.0	-1.0	-6.0	-6.0	6.0	-19.0	1.0	-1.0	-1.0	-1.0	-13.0	-14.0	27.0	45.0	-6.0	14.0	-23.0	-41.0	-12.0	-19.0	-19.0	-8.0	-3.0	0.0	0.0	0.0	3.0	1.0	0.0	0.0	1.0	0.0	0.0	-1.0	-1.0	0.0	0.0	
0.0	0.0	0.0	-1.0	-4.0	7.0	7.0	-7.0	-3.0	-2.0	-3.0	-2.0	-1.0	0.0	0.0	1.0	0.0	0.0	0.0	1.0	1.0	1.0	1.0	-1.0	-4.0	1.0	8.0	7.0	13.0	29.0	31.0	16.0	7.0	0.0	-23.0	-18.0	-16.0	-29.0	-25.0	-6.0	-5.0	-4.0	-2.0	7.0	12.0	-2.0	-2.0	1.0	-1.0	0.0	0.0	
0.0	0.0	0.0	0.0	1.0	3.0	0.0	8.0	-3.0	-1.0	-3.0	-2.0	-1.0	1.0	1.0	0.0	0.0	0.0	1.0	1.0	1.0	0.0	0.0	1.0	-2.0	-2.0	-1.0	2.0	-1.0	-3.0	7.0	0.0	-6.0	11.0	25.0	14.0	12.0	16.0	6.0	-9.0	-18.0	-19.0	-13.0	-23.0	-17.0	-11.0	-12.0	10.0	0.0	0.0	0.0	
0.0	0.0	0.0	0.0	1.0	0.0	-2.0	7.0	-2.0	3.0	2.0	0.0	1.0	2.0	1.0	-1.0	-2.0	1.0	1.0	0.0	0.0	1.0	0.0	0.0	3.0	-1.0	-1.0	-1.0	6.0	9.0	-3.0	-1.0	-1.0	-6.0	-3.0	0.0	-3.0	-2.0	5.0	6.0	-8.0	-4.0	55.0	-13.0	-36.0	-66.0	7.0	1.0	0.0	0.0	0.0	
0.0	0.0	-1.0	-1.0	-4.0	-1.0	4.0	-5.0	2.0	5.0	4.0	0.0	1.0	3.0	1.0	0.0	-2.0	2.0	0.0	0.0	0.0	-1.0	0.0	-1.0	2.0	5.0	2.0	-2.0	-2.0	1.0	0.0	5.0	3.0	-3.0	3.0	2.0	1.0	3.0	-1.0	1.0	-13.0	-13.0	78.0	-22.0	-47.0	-38.0	-1.0	5.0	0.0	0.0	0.0	
0.0	0.0	0.0	0.0	0.0	0.0	0.0	0.0	1.0	12.0	0.0	2.0	-3.0	1.0	4.0	1.0	-1.0	5.0	2.0	1.0	0.0	1.0	0.0	1.0	3.0	2.0	3.0	2.0	1.0	2.0	2.0	2.0	4.0	2.0	1.0	1.0	-5.0	18.0	-9.0	8.0	-12.0	6.0	27.0	-51.0	-3.0	-2.0	1.0	2.0	0.0	0.0	0.0	
0.0	0.0	0.0	0.0	0.0	0.0	0.0	0.0	6.0	-5.0	19.0	-3.0	-3.0	-2.0	0.0	2.0	0.0	4.0	2.0	2.0	1.0	3.0	3.0	2.0	0.0	3.0	2.0	2.0	0.0	4.0	2.0	0.0	0.0	1.0	0.0	1.0	-1.0	-7.0	10.0	-25.0	68.0	-47.0	-44.0	-10.0	-3.0	-2.0	1.0	3.0	0.0	0.0	0.0	
0.0	0.0	0.0	0.0	0.0	0.0	0.0	0.0	-9.0	1.0	2.0	14.0	-2.0	1.0	2.0	-1.0	0.0	3.0	5.0	1.0	-1.0	4.0	2.0	2.0	1.0	2.0	2.0	1.0	1.0	3.0	2.0	4.0	0.0	-1.0	-2.0	-2.0	13.0	-19.0	30.0	46.0	-78.0	-15.0	-16.0	6.0	-4.0	0.0	0.0	0.0	0.0	0.0	0.0	
0.0	0.0	0.0	0.0	0.0	0.0	0.0	0.0	0.0	-2.0	5.0	-3.0	1.0	6.0	6.0	2.0	1.0	3.0	5.0	-1.0	2.0	5.0	3.0	3.0	1.0	2.0	1.0	-1.0	0.0	2.0	2.0	-2.0	-1.0	-1.0	-4.0	-1.0	-9.0	57.0	-30.0	-59.0	-19.0	7.0	-11.0	9.0	-4.0	0.0	1.0	-1.0	-1.0	0.0	0.0	
0.0	0.0	0.0	0.0	0.0	0.0	0.0	0.0	0.0	1.0	0.0	2.0	11.0	28.0	-20.0	6.0	4.0	6.0	10.0	3.0	0.0	1.0	2.0	1.0	1.0	-1.0	-2.0	-2.0	10.0	-19.0	16.0	-12.0	-24.0	13.0	-16.0	19.0	24.0	-91.0	-15.0	-2.0	0.0	-2.0	-1.0	-1.0	0.0	0.0	0.0	0.0	0.0	0.0	0.0	
0.0	0.0	0.0	0.0	0.0	0.0	0.0	2.0	0.0	-1.0	-1.0	1.0	2.0	19.0	-27.0	-4.0	3.0	7.0	6.0	3.0	0.0	2.0	0.0	1.0	0.0	-1.0	-2.0	-2.0	13.0	-4.0	3.0	-6.0	-16.0	-7.0	95.0	-60.0	-45.0	1.0	-7.0	-1.0	0.0	-1.0	-1.0	-1.0	0.0	0.0	0.0	0.0	0.0	0.0	0.0	
0.0	0.0	0.0	0.0	0.0	0.0	0.0	4.0	0.0	-4.0	0.0	0.0	0.0	42.0	-4.0	-8.0	2.0	4.0	3.0	0.0	1.0	1.0	1.0	0.0	0.0	-3.0	-2.0	-2.0	-8.0	5.0	-19.0	-6.0	48.0	35.0	-98.0	-26.0	-10.0	2.0	-6.0	1.0	-1.0	0.0	0.0	0.0	1.0	0.0	1.0	0.0	0.0	0.0	0.0	
0.0	0.0	0.0	0.0	0.0	0.0	0.0	4.0	1.0	-7.0	0.0	0.0	6.0	82.0	35.0	-1.0	2.0	0.0	1.0	2.0	3.0	1.0	0.0	0.0	0.0	-3.0	-1.0	-3.0	0.0	-3.0	2.0	66.0	17.0	-131.0	4.0	1.0	-18.0	3.0	-2.0	8.0	0.0	0.0	0.0	0.0	0.0	2.0	2.0	0.0	0.0	0.0	0.0	
0.0	0.0	0.0	0.0	0.0	2.0	2.0	2.0	0.0	-4.0	0.0	2.0	5.0	25.0	31.0	18.0	4.0	0.0	0.0	0.0	-2.0	2.0	1.0	-3.0	-1.0	-4.0	-4.0	-1.0	4.0	6.0	59.0	6.0	24.0	-109.0	-3.0	12.0	1.0	-7.0	0.0	2.0	-1.0	-2.0	0.0	0.0	-1.0	0.0	1.0	-1.0	0.0	0.0	0.0	
0.0	0.0	0.0	0.0	0.0	2.0	2.0	2.0	0.0	-4.0	0.0	2.0	7.0	-19.0	-24.0	-2.0	3.0	-2.0	1.0	0.0	-2.0	-1.0	0.0	-4.0	-2.0	-2.0	-4.0	-2.0	-4.0	3.0	38.0	16.0	-6.0	-172.0	-21.0	3.0	1.0	-6.0	0.0	2.0	-2.0	0.0	-1.0	0.0	0.0	0.0	0.0	0.0	0.0	0.0	0.0	
0.0	0.0	0.0	0.0	0.0	2.0	2.0	1.0	0.0	-2.0	0.0	2.0	38.0	14.0	-13.0	10.0	0.0	2.0	-1.0	-2.0	-2.0	0.0	0.0	-3.0	-2.0	-2.0	-2.0	-3.0	-14.0	-6.0	8.0	29.0	5.0	-103.0	-5.0	0.0	1.0	-2.0	0.0	3.0	-2.0	-1.0	0.0	0.0	0.0	0.0	0.0	0.0	0.0	0.0	0.0	
0.0	0.0	0.0	0.0	0.0	2.0	2.0	0.0	0.0	-1.0	0.0	3.0	55.0	20.0	-22.0	13.0	0.0	1.0	0.0	-1.0	-2.0	0.0	-1.0	-4.0	-1.0	-3.0	-1.0	-1.0	-22.0	-12.0	-13.0	38.0	16.0	-27.0	-49.0	0.0	2.0	-4.0	1.0	0.0	0.0	-1.0	-2.0	0.0	0.0	0.0	0.0	0.0	0.0	0.0	0.0	
0.0	0.0	0.0	0.0	0.0	0.0	0.0	0.0	-6.0	10.0	-10.0	5.0	38.0	14.0	6.0	-11.0	5.0	-2.0	-3.0	0.0	-13.0	4.0	3.0	-12.0	-1.0	-3.0	-2.0	-2.0	-11.0	-43.0	-24.0	112.0	20.0	-7.0	-136.0	2.0	-7.0	-4.0	-2.0	-8.0	-5.0	-4.0	0.0	0.0	-1.0	0.0	0.0	0.0	0.0	0.0	0.0	
0.0	0.0	0.0	0.0	0.0	0.0	0.0	0.0	-2.0	7.0	-7.0	15.0	33.0	10.0	8.0	-10.0	-2.0	4.0	-5.0	-9.0	-27.0	6.0	-12.0	18.0	-3.0	0.0	-1.0	-1.0	-1.0	-12.0	-5.0	80.0	15.0	21.0	-111.0	-6.0	-9.0	-8.0	-6.0	-9.0	-5.0	-5.0	0.0	1.0	-1.0	0.0	0.0	-1.0	0.0	0.0	0.0	
0.0	0.0	0.0	0.0	0.0	0.0	0.0	0.0	0.0	6.0	-1.0	30.0	28.0	3.0	11.0	-9.0	4.0	-5.0	-13.0	-3.0	56.0	-19.0	-55.0	34.0	1.0	2.0	2.0	-2.0	1.0	5.0	-5.0	24.0	39.0	13.0	-69.0	-24.0	-9.0	-5.0	-6.0	-9.0	-6.0	-6.0	0.0	2.0	0.0	0.0	-2.0	0.0	-1.0	-1.0	0.0	
0.0	0.0	0.0	0.0	0.0	0.0	0.0	0.0	0.0	4.0	1.0	39.0	26.0	-1.0	12.0	-6.0	1.0	-23.0	19.0	46.0	-84.0	-40.0	2.0	44.0	3.0	5.0	4.0	1.0	-5.0	-4.0	-22.0	-27.0	92.0	-4.0	-18.0	-40.0	-7.0	0.0	0.0	-8.0	-5.0	-6.0	0.0	2.0	0.0	-1.0	-1.0	0.0	0.0	0.0	-2.0	
0.0	0.0	0.0	0.0	0.0	0.0	0.0	0.0	12.0	0.0	-5.0	60.0	11.0	8.0	-18.0	11.0	-34.0	63.0	-29.0	-68.0	5.0	11.0	12.0	5.0	2.0	-2.0	3.0	8.0	2.0	-5.0	-11.0	-3.0	119.0	-6.0	-10.0	-107.0	-9.0	-2.0	-7.0	-10.0	-1.0	-4.0	-4.0	-2.0	0.0	-1.0	-2.0	0.0	0.0	0.0	0.0	
0.0	0.0	0.0	0.0	0.0	0.0	0.0	1.0	8.0	3.0	4.0	54.0	9.0	-15.0	-12.0	0.0	43.0	-80.0	-9.0	24.0	1.0	2.0	3.0	3.0	13.0	-15.0	-8.0	18.0	4.0	1.0	-6.0	-4.0	79.0	-7.0	-14.0	-117.0	-3.0	1.0	-17.0	-19.0	-1.0	-3.0	-3.0	-2.0	-1.0	-1.0	0.0	0.0	0.0	0.0	0.0	
0.0	0.0	0.0	0.0	0.0	0.0	0.0	2.0	1.0	8.0	18.0	48.0	4.0	-26.0	38.0	-12.0	-18.0	14.0	3.0	-26.0	-4.0	-1.0	-2.0	3.0	-5.0	-1.0	13.0	7.0	4.0	7.0	2.0	-2.0	14.0	27.0	-14.0	-67.0	-9.0	-7.0	-22.0	-19.0	-1.0	0.0	0.0	0.0	0.0	0.0	-1.0	0.0	0.0	0.0	0.0	
0.0	0.0	0.0	0.0	0.0	0.0	0.0	2.0	-4.0	11.0	25.0	41.0	-15.0	18.0	-33.0	-10.0	-6.0	3.0	-11.0	1.0	-1.0	-4.0	-2.0	1.0	6.0	-2.0	16.0	22.0	4.0	11.0	7.0	-1.0	-35.0	74.0	-8.0	6.0	-19.0	-20.0	-18.0	-16.0	-1.0	0.0	1.0	0.0	0.0	-2.0	0.0	0.0	0.0	0.0	0.0	
0.0	0.0	0.0	0.0	0.0	0.0	0.0	1.0	2.0	4.0	6.0	4.0	-1.0	-5.0	-4.0	0.0	1.0	-1.0	-3.0	0.0	0.0	1.0	1.0	-2.0	0.0	4.0	3.0	-2.0	20.0	8.0	11.0	8.0	-7.0	121.0	15.0	4.0	-71.0	-24.0	-17.0	-1.0	-2.0	0.0	0.0	0.0	0.0	0.0	0.0	0.0	0.0	0.0	0.0	
0.0	0.0	0.0	0.0	0.0	0.0	0.0	0.0	1.0	-1.0	0.0	0.0	0.0	0.0	1.0	0.0	2.0	-1.0	-1.0	0.0	0.0	0.0	0.0	-2.0	0.0	2.0	0.0	1.0	17.0	37.0	-2.0	16.0	-19.0	75.0	-5.0	19.0	-88.0	-18.0	-31.0	-1.0	-3.0	0.0	0.0	0.0	0.0	0.0	0.0	0.0	0.0	0.0	0.0	
0.0	0.0	0.0	0.0	0.0	0.0	0.0	0.0	0.0	0.0	2.0	0.0	-1.0	0.0	2.0	1.0	0.0	1.0	0.0	0.0	0.0	-1.0	0.0	-1.0	-1.0	1.0	0.0	0.0	6.0	14.0	38.0	-5.0	-13.0	21.0	28.0	18.0	-67.0	-48.0	-36.0	0.0	-4.0	0.0	0.0	0.0	0.0	0.0	0.0	0.0	0.0	0.0	0.0	
0.0	0.0	0.0	0.0	0.0	0.0	0.0	0.0	0.0	0.0	4.0	1.0	-2.0	-1.0	0.0	-1.0	0.0	0.0	1.0	2.0	-1.0	-2.0	0.0	2.0	2.0	-5.0	0.0	0.0	6.0	3.0	17.0	37.0	3.0	-5.0	96.0	-3.0	-21.0	-87.0	-28.0	-2.0	-4.0	0.0	0.0	0.0	0.0	0.0	0.0	0.0	0.0	0.0	0.0	
0.0	0.0	0.0	0.0	0.0	0.0	0.0	0.0	0.0	0.0	1.0	0.0	0.0	-1.0	-1.0	-1.0	0.0	0.0	0.0	1.0	0.0	-1.0	0.0	0.0	1.0	0.0	1.0	-1.0	0.0	0.0	1.0	-2.0	27.0	-33.0	141.0	11.0	17.0	-130.0	-15.0	16.0	0.0	0.0	0.0	0.0	0.0	0.0	0.0	0.0	0.0	0.0	0.0	
0.0	0.0	0.0	0.0	0.0	0.0	0.0	0.0	0.0	0.0	0.0	0.0	0.0	0.0	0.0	0.0	0.0	0.0	0.0	0.0	0.0	0.0	0.0	0.0	1.0	2.0	2.0	-2.0	0.0	0.0	0.0	0.0	10.0	8.0	124.0	0.0	-65.0	-37.0	-7.0	1.0	0.0	0.0	0.0	0.0	0.0	0.0	0.0	0.0	0.0	0.0	0.0	
0.0	0.0	0.0	0.0	0.0	0.0	0.0	0.0	0.0	0.0	0.0	0.0	0.0	0.0	0.0	0.0	0.0	0.0	0.0	0.0	0.0	0.0	0.0	0.0	0.0	2.0	2.0	-2.0	0.0	0.0	0.0	0.0	-8.0	44.0	43.0	-42.0	-18.0	-6.0	0.0	1.0	0.0	0.0	0.0	0.0	0.0	0.0	0.0	0.0	0.0	0.0	0.0	
}
Norm = 900450