Diag coefs red

Size: 51x51
{
0.0	0.0	0.0	0.0	0.0	0.0	0.0	0.0	0.0	0.0	0.0	0.0	0.0	0.0	0.0	0.0	0.0	0.0	-7.0	-2.0	-6.0	-8.0	-4.0	-11.0	0.0	0.0	0.0	4.0	4.0	-1.0	-3.0	0.0	0.0	0.0	0.0	0.0	0.0	0.0	0.0	0.0	0.0	0.0	0.0	0.0	0.0	0.0	0.0	0.0	0.0	0.0	0.0	
0.0	0.0	0.0	0.0	0.0	0.0	0.0	0.0	0.0	0.0	0.0	0.0	0.0	0.0	0.0	0.0	0.0	-1.0	-5.0	-3.0	-12.0	0.0	31.0	26.0	26.0	0.0	0.0	4.0	0.0	-2.0	0.0	2.0	0.0	0.0	0.0	0.0	0.0	0.0	0.0	0.0	0.0	0.0	0.0	0.0	0.0	0.0	0.0	0.0	0.0	0.0	0.0	
0.0	0.0	0.0	0.0	0.0	0.0	0.0	0.0	0.0	0.0	0.0	0.0	0.0	0.0	0.0	1.0	3.0	0.0	0.0	-1.0	2.0	-17.0	36.0	-9.0	-17.0	-58.0	0.0	3.0	-3.0	-2.0	3.0	2.0	-1.0	0.0	0.0	0.0	0.0	0.0	0.0	0.0	0.0	0.0	0.0	0.0	0.0	0.0	0.0	0.0	0.0	0.0	0.0	
0.0	0.0	0.0	0.0	0.0	0.0	0.0	0.0	0.0	0.0	0.0	0.0	0.0	0.0	0.0	1.0	-2.0	0.0	0.0	1.0	-12.0	-19.0	-16.0	4.0	-12.0	-39.0	11.0	12.0	-5.0	0.0	4.0	0.0	-3.0	0.0	0.0	0.0	0.0	0.0	0.0	0.0	0.0	0.0	0.0	0.0	0.0	0.0	0.0	0.0	0.0	0.0	0.0	
0.0	0.0	0.0	0.0	0.0	0.0	0.0	0.0	0.0	0.0	0.0	0.0	0.0	0.0	0.0	1.0	1.0	0.0	0.0	0.0	-14.0	20.0	0.0	2.0	-4.0	3.0	3.0	-13.0	-3.0	0.0	3.0	0.0	-1.0	0.0	0.0	0.0	0.0	0.0	0.0	0.0	0.0	0.0	0.0	0.0	0.0	0.0	0.0	0.0	0.0	0.0	0.0	
0.0	0.0	0.0	0.0	0.0	0.0	0.0	0.0	0.0	0.0	0.0	0.0	0.0	0.0	0.0	0.0	-2.0	0.0	0.0	1.0	-7.0	0.0	0.0	-12.0	-4.0	-31.0	-28.0	-5.0	0.0	3.0	1.0	-3.0	0.0	0.0	0.0	0.0	0.0	0.0	0.0	0.0	0.0	0.0	0.0	0.0	0.0	0.0	0.0	0.0	0.0	0.0	0.0	
0.0	0.0	0.0	0.0	0.0	0.0	0.0	0.0	0.0	0.0	0.0	0.0	0.0	0.0	0.0	1.0	1.0	3.0	3.0	0.0	10.0	-8.0	0.0	-18.0	10.0	-12.0	45.0	0.0	4.0	4.0	-2.0	0.0	0.0	0.0	0.0	0.0	0.0	0.0	0.0	0.0	0.0	0.0	0.0	0.0	0.0	0.0	0.0	0.0	0.0	0.0	0.0	
0.0	0.0	0.0	0.0	0.0	1.0	1.0	0.0	0.0	0.0	0.0	0.0	0.0	0.0	0.0	3.0	2.0	0.0	-1.0	-3.0	-9.0	0.0	0.0	6.0	7.0	0.0	5.0	0.0	6.0	0.0	-4.0	0.0	0.0	0.0	0.0	0.0	0.0	0.0	0.0	0.0	0.0	0.0	0.0	0.0	0.0	0.0	0.0	0.0	0.0	0.0	0.0	
0.0	0.0	0.0	0.0	1.0	2.0	0.0	3.0	0.0	0.0	0.0	0.0	0.0	0.0	0.0	0.0	-2.0	0.0	0.0	12.0	-2.0	2.0	1.0	0.0	-4.0	-1.0	33.0	0.0	6.0	0.0	-4.0	0.0	0.0	0.0	0.0	0.0	0.0	0.0	0.0	0.0	0.0	0.0	0.0	0.0	0.0	0.0	0.0	0.0	0.0	0.0	0.0	
0.0	0.0	0.0	0.0	-1.0	0.0	0.0	-2.0	0.0	0.0	0.0	0.0	0.0	0.0	0.0	-1.0	0.0	1.0	0.0	8.0	-2.0	-1.0	-1.0	-1.0	0.0	-3.0	9.0	-36.0	4.0	-1.0	-5.0	0.0	0.0	0.0	0.0	0.0	0.0	0.0	0.0	0.0	0.0	0.0	0.0	0.0	0.0	0.0	0.0	0.0	0.0	0.0	0.0	
0.0	0.0	0.0	0.0	0.0	0.0	0.0	0.0	0.0	0.0	0.0	0.0	0.0	0.0	0.0	0.0	3.0	0.0	3.0	0.0	-3.0	-1.0	1.0	-2.0	0.0	1.0	-4.0	-17.0	-3.0	0.0	6.0	0.0	0.0	0.0	0.0	0.0	0.0	0.0	0.0	0.0	0.0	0.0	0.0	0.0	0.0	0.0	0.0	0.0	0.0	0.0	0.0	
0.0	0.0	0.0	0.0	0.0	0.0	-1.0	0.0	0.0	0.0	0.0	0.0	0.0	0.0	0.0	0.0	-4.0	0.0	8.0	-5.0	-3.0	2.0	0.0	1.0	0.0	1.0	3.0	24.0	0.0	-6.0	-1.0	4.0	0.0	0.0	0.0	0.0	0.0	0.0	0.0	0.0	0.0	0.0	0.0	0.0	0.0	0.0	0.0	0.0	0.0	0.0	0.0	
1.0	0.0	0.0	0.0	0.0	0.0	0.0	0.0	0.0	0.0	1.0	3.0	0.0	0.0	0.0	-2.0	3.0	-1.0	15.0	-7.0	0.0	1.0	0.0	2.0	3.0	-2.0	-13.0	-28.0	-18.0	-1.0	-4.0	4.0	-1.0	0.0	0.0	0.0	0.0	0.0	0.0	0.0	0.0	0.0	0.0	0.0	0.0	0.0	0.0	0.0	0.0	0.0	0.0	
0.0	0.0	0.0	0.0	-2.0	-1.0	-1.0	0.0	-1.0	-3.0	-3.0	-4.0	0.0	0.0	0.0	-2.0	0.0	0.0	-2.0	9.0	0.0	-1.0	-2.0	3.0	5.0	13.0	7.0	13.0	-35.0	0.0	0.0	-5.0	-1.0	0.0	0.0	0.0	0.0	0.0	0.0	0.0	0.0	0.0	0.0	0.0	0.0	0.0	0.0	0.0	0.0	0.0	0.0	
0.0	0.0	0.0	0.0	3.0	0.0	-1.0	-1.0	0.0	-1.0	2.0	3.0	0.0	0.0	0.0	-2.0	0.0	7.0	9.0	3.0	0.0	-1.0	0.0	-1.0	-1.0	-7.0	2.0	-10.0	-21.0	0.0	7.0	3.0	-1.0	0.0	0.0	0.0	0.0	0.0	0.0	0.0	0.0	0.0	0.0	0.0	0.0	0.0	0.0	0.0	0.0	0.0	0.0	
0.0	0.0	-2.0	0.0	11.0	14.0	22.0	32.0	34.0	27.0	17.0	6.0	-2.0	-3.0	-3.0	-3.0	0.0	14.0	0.0	4.0	0.0	0.0	1.0	1.0	-12.0	0.0	8.0	3.0	14.0	0.0	8.0	10.0	0.0	0.0	0.0	0.0	1.0	1.0	3.0	1.0	0.0	0.0	0.0	0.0	0.0	0.0	0.0	0.0	0.0	0.0	0.0	
0.0	1.0	-2.0	0.0	-7.0	-10.0	-23.0	-32.0	-25.0	-28.0	-20.0	-11.0	19.0	42.0	28.0	13.0	4.0	0.0	10.0	12.0	2.0	1.0	0.0	-3.0	0.0	0.0	-34.0	6.0	-43.0	-16.0	11.0	-9.0	0.0	0.0	-1.0	-5.0	-3.0	-1.0	-4.0	-2.0	0.0	0.0	0.0	0.0	0.0	0.0	0.0	0.0	0.0	0.0	0.0	
-1.0	0.0	0.0	0.0	0.0	6.0	0.0	0.0	4.0	0.0	0.0	0.0	-16.0	-36.0	-56.0	-38.0	-14.0	27.0	-8.0	0.0	-2.0	0.0	0.0	0.0	0.0	6.0	34.0	27.0	-2.0	-52.0	-12.0	0.0	0.0	0.0	0.0	0.0	0.0	0.0	0.0	0.0	2.0	1.0	1.0	1.0	1.0	1.0	0.0	0.0	0.0	0.0	0.0	
0.0	-1.0	1.0	0.0	0.0	5.0	2.0	-1.0	-3.0	-3.0	-1.0	1.0	1.0	7.0	6.0	1.0	1.0	-2.0	-1.0	-3.0	0.0	-1.0	-2.0	0.0	7.0	-5.0	4.0	33.0	11.0	58.0	0.0	0.0	-12.0	-3.0	-2.0	0.0	1.0	0.0	0.0	0.0	-1.0	-2.0	-1.0	0.0	1.0	1.0	1.0	1.0	0.0	0.0	0.0	
0.0	0.0	1.0	0.0	0.0	-1.0	7.0	1.0	-4.0	-1.0	0.0	2.0	-6.0	0.0	-3.0	-1.0	-1.0	5.0	0.0	0.0	0.0	-1.0	-1.0	0.0	-7.0	9.0	-3.0	-38.0	-6.0	9.0	89.0	94.0	46.0	21.0	0.0	-1.0	-1.0	-4.0	0.0	0.0	0.0	-1.0	-2.0	-1.0	-1.0	-2.0	1.0	2.0	0.0	0.0	0.0	
0.0	0.0	0.0	0.0	0.0	0.0	-6.0	-3.0	-3.0	0.0	1.0	0.0	-3.0	-2.0	-1.0	0.0	0.0	0.0	0.0	0.0	0.0	0.0	-2.0	-2.0	0.0	4.0	6.0	0.0	-24.0	-66.0	-87.0	-75.0	-47.0	-21.0	20.0	51.0	45.0	49.0	38.0	21.0	-2.0	0.0	0.0	0.0	-2.0	0.0	-3.0	5.0	0.0	0.0	0.0	
0.0	0.0	0.0	0.0	0.0	1.0	-5.0	0.0	-2.0	0.0	4.0	2.0	-1.0	0.0	0.0	0.0	0.0	0.0	0.0	0.0	0.0	1.0	1.0	1.0	0.0	-4.0	3.0	7.0	11.0	2.0	0.0	0.0	0.0	-8.0	-31.0	-43.0	-48.0	-42.0	-21.0	-21.0	-17.0	25.0	46.0	37.0	20.0	0.0	0.0	8.0	0.0	0.0	0.0	
0.0	0.0	0.0	0.0	0.0	-2.0	0.0	-5.0	-1.0	1.0	0.0	1.0	4.0	0.0	0.0	0.0	0.0	1.0	1.0	1.0	1.0	1.0	0.0	2.0	6.0	0.0	-5.0	-4.0	3.0	-2.0	0.0	0.0	1.0	0.0	0.0	3.0	7.0	3.0	3.0	0.0	-29.0	-27.0	-32.0	31.0	24.0	-18.0	3.0	-4.0	0.0	0.0	0.0	
0.0	0.0	0.0	0.0	0.0	0.0	-1.0	-1.0	-2.0	-3.0	-2.0	1.0	-3.0	-2.0	0.0	0.0	1.0	-1.0	-1.0	-1.0	0.0	-1.0	-2.0	3.0	-2.0	2.0	-1.0	-2.0	4.0	6.0	4.0	-7.0	1.0	-6.0	-4.0	-5.0	2.0	0.0	-11.0	-15.0	0.0	0.0	27.0	-7.0	4.0	0.0	2.0	5.0	0.0	0.0	0.0	
0.0	0.0	0.0	0.0	0.0	0.0	0.0	1.0	0.0	-6.0	0.0	-1.0	-1.0	-1.0	0.0	-1.0	0.0	0.0	-2.0	-2.0	-1.0	-3.0	-3.0	0.0	-5.0	-1.0	-1.0	-2.0	0.0	-2.0	-5.0	-5.0	0.0	1.0	2.0	-3.0	-3.0	-9.0	-6.0	2.0	-8.0	15.0	21.0	-12.0	5.0	2.0	0.0	1.0	0.0	0.0	0.0	
0.0	0.0	0.0	0.0	0.0	0.0	0.0	0.0	1.0	0.0	2.0	-1.0	6.0	-2.0	-1.0	0.0	1.0	1.0	0.0	1.0	0.0	-2.0	1.0	1.0	0.0	0.0	2.0	-1.0	2.0	2.0	3.0	1.0	3.0	2.0	0.0	-2.0	-1.0	-1.0	2.0	0.0	16.0	-61.0	-8.0	-2.0	1.0	-2.0	0.0	1.0	-1.0	-1.0	-1.0	
0.0	0.0	0.0	0.0	0.0	0.0	0.0	0.0	-5.0	0.0	0.0	-8.0	-3.0	3.0	-2.0	1.0	0.0	2.0	-1.0	-1.0	1.0	-2.0	-1.0	-1.0	-2.0	3.0	1.0	3.0	0.0	2.0	1.0	0.0	2.0	-1.0	-2.0	-2.0	5.0	-7.0	39.0	16.0	-18.0	0.0	2.0	-5.0	0.0	0.0	0.0	0.0	-1.0	-1.0	-1.0	
0.0	0.0	0.0	0.0	0.0	0.0	0.0	0.0	0.0	0.0	5.0	-3.0	0.0	-1.0	0.0	0.0	-3.0	-2.0	-1.0	-1.0	0.0	0.0	0.0	0.0	0.0	1.0	0.0	0.0	-2.0	1.0	1.0	0.0	-1.0	-4.0	0.0	0.0	0.0	25.0	-52.0	-18.0	0.0	2.0	1.0	2.0	0.0	0.0	0.0	0.0	0.0	0.0	0.0	
0.0	0.0	0.0	0.0	0.0	0.0	0.0	0.0	0.0	0.0	2.0	4.0	0.0	0.0	-14.0	0.0	0.0	0.0	-2.0	-2.0	-1.0	0.0	0.0	0.0	-3.0	-3.0	-1.0	-2.0	-14.0	9.0	3.0	-3.0	18.0	8.0	0.0	36.0	-3.0	-33.0	0.0	2.0	1.0	2.0	1.0	0.0	0.0	-1.0	0.0	0.0	0.0	0.0	0.0	
0.0	0.0	0.0	0.0	0.0	0.0	0.0	0.0	0.0	-1.0	2.0	3.0	0.0	0.0	-17.0	0.0	0.0	2.0	0.0	1.0	-2.0	-2.0	2.0	2.0	0.0	0.0	1.0	-1.0	4.0	0.0	2.0	3.0	-8.0	0.0	12.0	-59.0	-8.0	0.0	-4.0	0.0	0.0	-1.0	-1.0	-1.0	-1.0	0.0	0.0	0.0	0.0	0.0	0.0	
0.0	0.0	0.0	0.0	0.0	0.0	0.0	0.0	0.0	0.0	3.0	-1.0	-1.0	12.0	-4.0	11.0	-1.0	2.0	2.0	0.0	0.0	0.0	0.0	0.0	0.0	0.0	0.0	3.0	-1.0	4.0	3.0	0.0	52.0	-3.0	-22.0	0.0	0.0	10.0	10.0	3.0	-1.0	-1.0	-1.0	-1.0	0.0	0.0	0.0	0.0	0.0	0.0	0.0	
0.0	0.0	0.0	0.0	0.0	0.0	0.0	0.0	0.0	0.0	2.0	-3.0	0.0	19.0	14.0	6.0	-1.0	-4.0	-5.0	-3.0	0.0	-1.0	0.0	0.0	0.0	0.0	1.0	2.0	1.0	-4.0	0.0	15.0	-56.0	0.0	0.0	14.0	-1.0	1.0	0.0	0.0	0.0	0.0	0.0	0.0	0.0	0.0	0.0	0.0	0.0	0.0	0.0	
0.0	0.0	0.0	0.0	0.0	1.0	1.0	-2.0	0.0	4.0	0.0	-7.0	0.0	-11.0	4.0	-1.0	0.0	0.0	0.0	0.0	0.0	0.0	0.0	0.0	0.0	2.0	1.0	3.0	3.0	0.0	19.0	-3.0	12.0	-31.0	2.0	0.0	0.0	-8.0	5.0	0.0	1.0	-1.0	0.0	0.0	0.0	0.0	0.0	0.0	0.0	0.0	0.0	
0.0	0.0	0.0	0.0	0.0	1.0	1.0	-2.0	0.0	2.0	1.0	-5.0	0.0	-18.0	-19.0	-4.0	4.0	3.0	4.0	3.0	2.0	2.0	1.0	0.0	0.0	2.0	1.0	-4.0	-2.0	0.0	9.0	0.0	-1.0	64.0	1.0	2.0	0.0	4.0	2.0	0.0	2.0	0.0	0.0	0.0	0.0	0.0	0.0	0.0	0.0	0.0	0.0	
0.0	0.0	0.0	0.0	0.0	1.0	1.0	-1.0	0.0	2.0	-2.0	-2.0	2.0	3.0	-9.0	7.0	1.0	0.0	0.0	1.0	-1.0	0.0	0.0	0.0	-1.0	1.0	0.0	-1.0	3.0	-1.0	-2.0	8.0	0.0	-17.0	9.0	0.0	0.0	6.0	4.0	0.0	0.0	1.0	0.0	1.0	0.0	0.0	0.0	0.0	0.0	0.0	0.0	
0.0	0.0	0.0	0.0	0.0	1.0	1.0	-1.0	0.0	1.0	0.0	0.0	5.0	-3.0	-18.0	-8.0	-2.0	-2.0	-3.0	2.0	-1.0	0.0	1.0	2.0	1.0	2.0	0.0	-1.0	-9.0	-4.0	0.0	12.0	-1.0	8.0	0.0	3.0	9.0	1.0	7.0	10.0	1.0	0.0	-1.0	0.0	0.0	0.0	0.0	0.0	0.0	0.0	0.0	
0.0	0.0	0.0	0.0	0.0	0.0	0.0	0.0	0.0	6.0	-8.0	0.0	6.0	0.0	-1.0	-2.0	-4.0	5.0	5.0	-1.0	0.0	-5.0	12.0	0.0	0.0	-1.0	-1.0	0.0	0.0	-13.0	-6.0	40.0	-5.0	-16.0	-42.0	-1.0	8.0	1.0	1.0	-8.0	-1.0	-2.0	0.0	0.0	0.0	0.0	0.0	0.0	0.0	0.0	0.0	
0.0	0.0	0.0	0.0	0.0	0.0	0.0	0.0	-1.0	6.0	-4.0	0.0	-3.0	4.0	-2.0	0.0	0.0	-2.0	3.0	0.0	12.0	-5.0	13.0	-9.0	-3.0	-2.0	0.0	0.0	5.0	2.0	3.0	14.0	-12.0	-24.0	36.0	11.0	12.0	1.0	-4.0	6.0	3.0	4.0	0.0	1.0	1.0	1.0	1.0	0.0	1.0	0.0	0.0	
0.0	0.0	0.0	0.0	0.0	0.0	0.0	0.0	1.0	2.0	0.0	2.0	1.0	-8.0	-1.0	1.0	-1.0	1.0	-7.0	-10.0	14.0	-23.0	-7.0	2.0	5.0	0.0	0.0	0.0	3.0	8.0	0.0	-1.0	0.0	9.0	3.0	6.0	-5.0	-2.0	5.0	8.0	6.0	8.0	5.0	4.0	1.0	1.0	2.0	1.0	0.0	1.0	0.0	
0.0	0.0	0.0	0.0	0.0	0.0	0.0	0.0	0.0	2.0	0.0	3.0	-5.0	5.0	3.0	6.0	5.0	6.0	26.0	40.0	-38.0	0.0	0.0	-20.0	16.0	4.0	2.0	1.0	0.0	-5.0	-7.0	-14.0	30.0	0.0	22.0	0.0	2.0	-2.0	2.0	8.0	5.0	6.0	3.0	2.0	0.0	0.0	1.0	0.0	0.0	0.0	-1.0	
0.0	0.0	0.0	0.0	0.0	0.0	0.0	-1.0	-11.0	-2.0	-7.0	9.0	-19.0	6.0	-4.0	25.0	0.0	90.0	-81.0	-10.0	18.0	15.0	11.0	18.0	20.0	-3.0	1.0	1.0	-2.0	-5.0	-1.0	-2.0	43.0	21.0	-15.0	-31.0	-9.0	-1.0	-4.0	1.0	-2.0	-1.0	-1.0	-1.0	0.0	0.0	-1.0	0.0	0.0	0.0	0.0	
0.0	0.0	0.0	0.0	0.0	0.0	0.0	0.0	-5.0	-3.0	0.0	-6.0	-18.0	1.0	-11.0	34.0	3.0	-21.0	25.0	21.0	11.0	7.0	2.0	3.0	-3.0	-4.0	18.0	6.0	3.0	-1.0	0.0	2.0	11.0	18.0	3.0	43.0	-12.0	4.0	-7.0	1.0	-5.0	-3.0	-2.0	-2.0	0.0	-1.0	0.0	-1.0	0.0	0.0	0.0	
0.0	0.0	0.0	0.0	0.0	0.0	0.0	0.0	0.0	0.0	0.0	-4.0	-1.0	-8.0	6.0	-43.0	19.0	7.0	12.0	-14.0	-8.0	-10.0	-9.0	-8.0	-5.0	-26.0	5.0	6.0	4.0	-1.0	1.0	0.0	0.0	-3.0	-4.0	-6.0	-11.0	3.0	9.0	-10.0	-1.0	-1.0	0.0	0.0	-1.0	0.0	0.0	0.0	0.0	0.0	0.0	
0.0	0.0	0.0	0.0	0.0	0.0	0.0	0.0	0.0	0.0	5.0	-4.0	12.0	-3.0	-25.0	4.0	-26.0	-1.0	-29.0	-36.0	-21.0	-18.0	-19.0	-17.0	-11.0	-2.0	-3.0	-9.0	7.0	4.0	1.0	-1.0	-11.0	-30.0	0.0	-25.0	-10.0	-3.0	-9.0	-7.0	0.0	0.0	1.0	1.0	0.0	-1.0	0.0	0.0	0.0	0.0	0.0	
0.0	0.0	0.0	0.0	0.0	0.0	0.0	0.0	1.0	1.0	-10.0	-12.0	-2.0	-1.0	-1.0	1.0	0.0	0.0	-2.0	-3.0	-3.0	-2.0	-2.0	-2.0	0.0	0.0	0.0	0.0	-2.0	2.0	0.0	0.0	-9.0	31.0	0.0	-23.0	-15.0	-6.0	12.0	-1.0	0.0	0.0	0.0	0.0	0.0	0.0	0.0	0.0	0.0	0.0	0.0	
0.0	0.0	0.0	0.0	0.0	0.0	0.0	1.0	0.0	-3.0	-1.0	0.0	3.0	3.0	2.0	5.0	-1.0	0.0	-1.0	-1.0	0.0	0.0	0.0	0.0	-3.0	-1.0	2.0	0.0	0.0	-19.0	-9.0	10.0	18.0	4.0	17.0	-20.0	25.0	-13.0	-18.0	0.0	0.0	0.0	0.0	0.0	0.0	0.0	0.0	0.0	0.0	0.0	0.0	
0.0	0.0	0.0	0.0	0.0	0.0	0.0	3.0	0.0	2.0	0.0	-2.0	3.0	-4.0	-7.0	-7.0	0.0	0.0	0.0	0.0	0.0	0.0	0.0	0.0	0.0	-2.0	4.0	3.0	5.0	-2.0	19.0	-11.0	-11.0	0.0	3.0	12.0	13.0	-3.0	14.0	0.0	0.0	0.0	0.0	0.0	0.0	0.0	0.0	0.0	0.0	0.0	0.0	
0.0	0.0	0.0	0.0	0.0	0.0	0.0	1.0	-4.0	-1.0	0.0	0.0	1.0	0.0	0.0	0.0	1.0	1.0	1.0	0.0	0.0	0.0	1.0	-1.0	0.0	0.0	4.0	0.0	-5.0	1.0	0.0	28.0	-3.0	0.0	38.0	1.0	20.0	-23.0	8.0	0.0	0.0	0.0	0.0	0.0	0.0	0.0	0.0	0.0	0.0	0.0	0.0	
0.0	0.0	0.0	0.0	0.0	0.0	0.0	0.0	-1.0	0.0	0.0	0.0	0.0	0.0	0.0	0.0	0.0	0.0	0.0	0.0	0.0	0.0	0.0	0.0	0.0	1.0	1.0	-1.0	-2.0	1.0	5.0	0.0	-6.0	-24.0	37.0	-9.0	6.0	30.0	-8.0	10.0	0.0	0.0	0.0	0.0	0.0	0.0	0.0	0.0	0.0	0.0	0.0	
0.0	0.0	0.0	0.0	0.0	0.0	0.0	0.0	0.0	0.0	0.0	0.0	0.0	0.0	0.0	0.0	0.0	0.0	0.0	0.0	0.0	0.0	0.0	0.0	0.0	1.0	1.0	0.0	-1.0	-1.0	-2.0	-1.0	-6.0	3.0	-42.0	-12.0	-27.0	0.0	1.0	0.0	-1.0	0.0	0.0	0.0	0.0	0.0	0.0	0.0	0.0	0.0	0.0	
0.0	0.0	0.0	0.0	0.0	0.0	0.0	0.0	0.0	0.0	0.0	0.0	0.0	0.0	0.0	0.0	0.0	0.0	0.0	0.0	0.0	0.0	0.0	0.0	0.0	1.0	1.0	0.0	0.0	0.0	1.0	2.0	-1.0	9.0	-33.0	0.0	0.0	1.0	-2.0	4.0	-1.0	0.0	0.0	0.0	0.0	0.0	0.0	0.0	0.0	0.0	0.0	
}
Norm = 234369